=== SHEET: 19о | mode: values | actual: A1:AW373 ===
R1																																										двери+потолки:	6097.874
R2																																										окна:	5961.501
R3																																										жалюзи:	0
R4																																									32307.0466	20676.813	12059.375				2	0	0
R5													период:	46266	46295					дс1 изделия		дс2 изделия			дс монтаж											4	2				10520.6002	6861.261	4574.174				1	32307.0466	20676.813
R6		% зам	% ВС	% мен	зам	м	Источник	Оплачено поставщику	З/п монтаж		Замерщик	Менеджер	№ договора	Дата заключения	Дата закрытия	ФИО заказчика	Ст-ть изделия перв-ная	Свет	Ст-ть монтажа перв-ная	сумма	дата	сумма	дата	итого стоимость изделий	сумма	дата	итого стоимость работ	Общая итоговая стоимость	Оплата1	Оплата2	Оплата3	Оплата4	Оплата5	Остаток	% остатка	0.7	0.3	зп за дс1	зп за дс2	зп за дс3	З/п менеджер	Зам.	ВС	1	230461	224620	48620	10520.6002	6861.261
R7		0.03	0.02	0.03	1	1			5160	0.7946	Денис	Оля	191д-91	45321	45327	Галушкин А.В.	15355		6494					15355			6494	21849	21849					0	0	0	0	0	0	0	0	0	0	0	0	0	0	0	0
R8		0.03	0.02	0.03	1	1	уже обращался		17630	0.7354	Денис	Оля	191д-92	45316	45337	Голованова Н.Ф.	50896		23973					50896			23973	74869	74869					0	0	0	0	0	0	0	0	0	0	0	0	0	0	0	0
R9		0.03	0.02	0.03	1	1	уже обращался		7970	0.755	Денис	Оля	191д-93	45317	31.02.2024	Иванцов А.А.	33659		10556					33659			10556	44215	44215					0	0	0	0	0	0	0	0	0	0	0	0	0	0	0	0
R10		0.03	0.02	0.03	1	1			7235	0.7143	Денис	Оля	191д-94	45327	45329	Борщевская Е.В.	16530		10129					16530			10129	26659	26659					0	0	0	0	0	0	0	0	0	0	0	0	0	0	0	0
R11		0.03	0.02	0.03	1	1			5460	0.3209	Денис	Оля	191д-95	45330	45334	Ларионова Н.Н.	8127		17015	-324	45332			7803			17015	24818	-324	21242	3900			0	0	0	0	0	0	0	0	0	0	0	0	0	0	0	0
R12		0.03	0.02	0.03	1	1			4700	0.6438	Денис	Оля	191д-96	45332	45345	Кононенко О.Л.	6900		7300					6900			7300	14200	14200					0	0	0	0	0	0	0	0	0	0	0	0	0	0	0	0
R13			0.02	0.03		1				#DIV/0!	бз	Оля	19д-97	45334	45334	Борщевская Е.В.	1200							1200			0	1200	1200					0	0	0	0	0	0	0	0	0	0	0	0	0	0	0	0
R14		0.03	0.02	0.03	1	1	уже обращался		35320	0.7217	Денис	Оля	191д-98	45373	45378	Буслаев А.В.	79525		48937					79525			48937	128462	128462					0	0	0	0	0	0	0	0	0	0	0	0	0	0	0	0
R15		0.03	0.02	0.03	1	1	уже обращался		26050	0.7053	Денис	Оля	191д-99	45378	45412	Удовиченко Е.А.	104220		36936					104220	2500	45394	39436	143656	141156	2500				0	0	0	0	0	0	0	0	0	0	0	0	0	0	0	0
R16		0.03	0.02	0.03	1	1			5280	0.7899	Денис	Оля	191д-100	45391	45393	Таболкина Р.А.	15000		6684					15000			6684	21684	21684					0	0	0	0	0	0	0	0	0	0	0	0	0	0	0	0
R17		0.03	0.02	0.03	1	1	уже обращался		31940	0.7052	Денис	Оля	191д-101	45392	45417	Денисова И.А.	58400		45291	-1960	45412			56440			45291	101731	75000	26731				0	0	0	0	0	0	0	0	0	0	0	0	0	0	0	0
R18		0.03	0.02	0.03	1	1	уже обращался		19090	0.5942	Денис	Оля	191д-102	45405	45424	Лабинцева Е.В.	55110		32126					55110			32126	87236	7236	80000				0	0	0	0	0	0	0	0	0	0	0	0	0	0	0	0
R19		0.03	0.02	0.03	1	1	уже обращался		10180	0.6937	Денис	Оля	191д-103	45427	45430	Юфрякова Н.А.			14674					0			14674	14674	14674					0	0	0	0	0	0	0	0	0	0	0	0	0	0	0	0
R20		0.03	0.02	0.03	1	1			5100	0.7147	Денис	Оля	191д-104	45447	45454	Лосева Т.Ю.	42900		7136					42900			7136	50036	50036					0	0	0	0	0	0	0	0	0	0	0	0	0	0	0	0
R21		0.03	0.02	0.03	1	1	наружка		22300	0.6918	Денис	Оля	191д-105	45453	45463	Карпинская А.В.	55290		32234					55290			32234	87524	87524					0	0	0	0	0	0	0	0	0	0	0	0	0	0	0	0
R22		0.03	0.02	0.03	1	1			3590	0.7008	Денис	Оля	191д-106	45462	45474	Тымчишин С.В.	9500		5123					9500			5123	14623	14623					0	0	0	0	0	0	0	0	0	0	0	0	0	0	0	0
R23		0.03	0.02	0.03	1	1			6320	0.7104	Денис	Оля	191д-107	45460	45464	Викулов Д.Д.	31400		8896					31400			8896	40296	40296					0	0	0	0	0	0	0	0	0	0	0	0	0	0	0	0
R24		0.03	0.02	0.03	1	1			8650	0.6972	Денис	Оля	191д-108	45464	45476	Студнева Н.О.	20590		12407	1200	45467			21790			12407	34197	1200	32997				0	0	0	0	0	0	0	0	0	0	0	0	0	0	0	0
R25		0.03	0.02	0.03	1	1	уже обращался		5120	1.1951	Денис	Оля	191д-109	45474	45490	Бабичева М.К.	14115		4284	4987	45478			19102			4284	23386	18399	4987				0	0	0	0	0	0	0	0	0	0	0	0	0	0	0	0
R26		0.03	0.02	0.03	1	1			4570	0.9405	Денис	Оля	191д-110	45474	45483	Нилова Т.Ф.	17590		4859	3342	45478			20932			4859	25791	22449	3342				0	0	0	0	0	0	0	0	0	0	0	0	0	0	0	0
R27		0.03	0.02	0.03	1	1	яндекс		15200	0.7069	Денис	Оля	191д-111	45476	45486	Попова Ю.О.	29105		21502					29105	1380	45488	22882	51987	50607	1380				0	0	0	0	0	0	0	0	0	0	0	0	0	0	0	0
R28		0.03	0.02	0.03	1	1			6200	0.7097	Денис	Оля	191д-112	45481	45484	Шарай П.А.	37900		8736					37900			8736	46636	46636					0	0	0	0	0	0	0	0	0	0	0	0	0	0	0	0
R29		0.03	0.02	0.03	1	1			18220	0.7034	Денис	Оля	191д-113	45481	45484	Шарай П.А.	61905		25904					61905			25904	87809	87809					0	0	0	0	0	0	0	0	0	0	0	0	0	0	0	0
R30		0.03	0.02	0.03	4	1			9280	0.7154	Денис П.	Людмила	194д-114	45502	45505	Кравченко А.В.	19480		12972					19480			12972	32452	32452					0	0	0	0	0	0	0	0	0	0	0	0	0	0	0	0
R31		0.03	0.02	0.03	1	1	по рекомендации		4990	0.7148	Денис	Людмила	191д-115	45512	45523	Баринов Д.			6981					0			6981	6981	6981					0	0	0	0	0	0	0	0	0	0	0	0	0	0	0	0
R32		0.03	0.02	0.03	1	1	наружка		8090	0.7189	Денис	Людмила	191д-116	45517	45522	Сорока И.Ю.	23050		11254					23050			11254	34304	34304					0	0	0	0	0	0	0	0	0	0	0	0	0	0	0	0
R33		0.03	0.02	0.03	1	1			6480	0.698	Денис	Людмила	191д-117	45523	45526	Хайрулин С.А.	39550		9284					39550			9284	48834	6443	42400				-9	-0.0002	0	0	0	0	0	0	0	0	0	0	0	0	0	0
R34		0.03	0.02	0.03	1	1			9730	0.6984	Денис	Оля	191д-118	45527	45540	Кравченко А.А.	19190		13932					19190			13932	33122	33122					0	0	0	0	0	0	0	0	0	0	0	0	0	0	0	0
R35		0.03	0.02	0.03	1	1			10900	0.7178	Денис	Людмила	191д-119	45531		Таболкина Р.А.	46270		15186					46270			15186	61456	61456					0	0	0	0	0	0	0	0	0	0	0	0	0	0	0	0
R36		0.03	0.02	0.03	1	1			14200	0.7274	Денис	Оля	191д-120	45546	45558	Самохвалов А.Д.	25480		19522					25480			19522	45002	45002					0	0	0	0	0	0	0	0	0	0	0	0	0	0	0	0
R37		0.03	0.02	0.03	1	1			23020	0.6731	Денис	Оля	191д-121	45551	45575	Таболкина Р.А.			34201					0			34201	34201	34201					0	0	0	0	0	0	0	0	0	0	0	0	0	0	0	0
R38		0.03	0.02	0.03	1	1			9770	0.4868	Денис	Оля	191д-122	45573	45576	Лелюх О.Н.	46450		20070	-5750	45576			40700			20070	60770	47000	13500				270	0.0044	0	0	0	0	0	0	0	0	0	0	0	0	0	0
R39		0.03	0.02	0.03	1	1			22300	0.7119	Денис	Оля	191д-123	45575	45621	Алехин И.В.	67680		31326	8310	45581			75990			31326	107316	99006	8310				0	0	0	0	0	0	0	0	0	0	0	0	0	0	0	0
R40		0.03	0.02	0.03	1	1			40630	0.7457	Денис	Оля	191д-124	45587	45606	Хайрулин С.А.	77290		54489					77290			54489	131779	131779					0	0	0	0	0	0	0	0	0	0	0	0	0	0	0	0
R41		0.03	0.02	0.03	1	1			32120	0.7525	Денис	Оля	191д-125	45604	45637	Рябова А.Ю.	114590		42686					114590	3080	45638	45766	160356	157276	3080				0	0	0	0	0	0	0	0	0	0	0	0	0	0	0	0
R42		0.03	0.02	0.03	1	1			14670	0.7	Денис	Оля	191д-126	45610	45619	Калинина Н.А.	26780		20958					26780			20958	47738	47738					0	0	0	0	0	0	0	0	0	0	0	0	0	0	0	0
R43		0.03	0.02	0.03	1	1			10840	0.8596	Денис	Оля	191д-127	45614	45630	Баутина А.Е.	45760		12610					45760			12610	58370	58370					0	0	0	0	0	0	0	0	0	0	0	0	0	0	0	0
R44		0.03	0.02	0.03	1	1			16180	0.7252	Денис	Оля	191д-128	45617	45626	Дроздова С.Н.	41630		22312	1066	45635			42696			22312	65008	63942	1066				0	0	0	0	0	0	0	0	0	0	0	0	0	0	0	0
R45			0.02	0.03		1	яндекс			#DIV/0!	Денис	Оля	19д-128	45632	45658	Куклина Е.А.	39380							39380			0	39380	39380					0	0	0	0	0	0	0	0	0	0	0	0	0	0	0	0
R46		0.03	0.02	0.03	1	1			46950	0.7026	Денис	Оля	191д-129	45647	45673	Пазыч А.В.	90360		66820					90360			66820	157180	140000	17180				0	0	0	0	0	0	0	0	0	0	0	0	0	0	0	0
R47		0.03	0.02	0.03	1	1			7200	0.6979	Денис	Оля	191д-130	45647	45651	Смольников А.В.	22050		10317					22050			10317	32367	32367					0	0	0	0	0	0	0	0	0	0	0	0	0	0	0	0
R48		0.03	0.02	0.03	1	1			13890	0.5727	Денис	Оля	191д-131	45651	45676	Макеенко А.А.	25970		24252					25970			24252	50222	50222					0	0	0	0	0	0	0	0	0	0	0	0	0	0	0	0
R49		0.03	0.02	0.03	1	1				#DIV/0!	Денис	Оля	19д-132	45651	45658	Гоголев А.Ю.	12190							12190			0	12190	12190					0	0	0	0	0	0	0	0	0	0	0	0	0	0	0	0
R50		0.03	0.02	0.03	1	1			6060	0.7371	Денис	Оля	191д-133	45653	45668	Мухортоа А.В.	7415		8221					7415			8221	15636	15636					0	0	0	0	0	0	0	0	0	0	0	0	0	0	0	0
R51		0.03	0.02	0.05	1	1			20230	0.7259	Денис	Оля	191д-134	45713	45730	Антипин Е.О.	31295		27869					31295			27869	59164	59164					0	0	0	0	0	0	0	0	0	0	0	0	0	0	0	0
R52		0.03	0.02	0.05	1	1	уже обращался		31480	0.8613	Денис	Оля	191д-135	45717	45736	Каленик М.В.	67835		36551	10544	45730			78379			36551	114930	104386	10544				0	0	0	0	0	0	0	0	0	0	0	0	0	0	0	0
R53		0.03	0.02	0.05	1	1	уже обращался		24210	0.7164	Денис	Оля	191д-136	45727	45735	Серова К.Г.	88320		33796	1710	45804			90030			33796	123826	122116	1710				0	0	0	0	0	0	0	0	0	0	0	0	0	0	0	0
R54		0.03	0.02	0.05	1	1	наружка		13960	0.719	Денис	Оля	191д-137	45728	45736	Тысько Е.П.	38800		19416					38800			19416	58216	58216					0	0	0	0	0	0	0	0	0	0	0	0	0	0	0	0
R55		0.03	0.02	0.05	1	1	уже обращался		4900	0.7001	Денис	Оля	191д-138	45729	45733	Пономаренко Е.С.	5250		6999					5250			6999	12249	12249					0	0	0	0	0	0	0	0	0	0	0	0	0	0	0	0
R56		0.03	0.02	0.05	1	1	интернет		9770	0.6913	Денис	Оля	191д-139	45731	45737	Аноприкова М.А.	38800		14133					38800			14133	52933	52933					0	0	0	0	0	0	0	0	0	0	0	0	0	0	0	0
R57		0.03	0.02	0.05	1	1	интернет		12660	0.7136	Денис	Оля	191д-140	45731	45743	Аноприкова М.А.	42300		17740					42300			17740	60040	60040					0	0	0	0	0	0	0	0	0	0	0	0	0	0	0	0
R58		0.03	0.02	0.05	1	1	уже обращался		22340	0.718	Денис	Оля	191д-141	45738	45744	Хмелинина Д.С.	62125		31116	1310	45748			63435			31116	94551	93241	1310				0	0	0	0	0	0	0	0	0	0	0	0	0	0	0	0
R59		0.03	0.02	0.05	1	1	 		7680	0.7848	Денис	Оля	191д-142	45743	45748	Лазебник М.В.	15850		9786	1842	45749			17692			9786	27478	25636	1842				0	0	0	0	0	0	0	0	0	0	0	0	0	0	0	0
R60			0.02	0.05		1				#DIV/0!		Оля	19д-143	45742	45744	Гоголев А.Ю.	9150							9150			0	9150	9150					0	0	0	0	0	0	0	0	0	0	0	0	0	0	0	0
R61		0.03	0.02	0.05	1	1			16100	0.7702	Денис	Оля	191д-143	45745	45756	Шилова Е.А.	30555		20905	1620	45757			32175			20905	53080	51460	1620				0	0	0	0	0	0	0	0	0	0	0	0	0	0	0	0
R62		0.03	0.02	0.05	1	1			9000	0.7038	Денис	Оля	191д-144		45759	Елисеева А.Ю.	39900		12787					39900			12787	52687	52687					0	0	0	0	0	0	0	0	0	0	0	0	0	0	0	0
R63		0.03	0.02	0.05	1	1			25480	0.7338	Денис	Оля	191д-145	45749	45761	Неверович А.В.	26318		34721					26318	1433	45764	36154	62472	61038	1433				1	0	0	0	0	0	0	0	0	0	0	0	0	0	0	0
R64		0.03	0.02	0.05	1	1			4750	0.6997	Денис	Оля	191д-146	45755	45772	Антипин Е.О.	1750		6789					1750			6789	8539	8539					0	0	0	0	0	0	0	0	0	0	0	0	0	0	0	0
R65		0.03	0.02	0.05	1	1			15410	0.7358	Денис	Оля	191д-147	45758	45762	Лола В.И.	25980		20943					25980			20943	46923	46923					0	0	0	0	0	0	0	0	0	0	0	0	0	0	0	0
R66		0.03	0.02	0.05	1	1			7480	0.6993	Денис	Оля	191д-148	45761	45766	Коновалов А.И.	1090		10696					1090			10696	11786	25786					-14000	-1.1878	0	0	0	0	0	0	0	0	0	0	0	0	0	0
R67		0.03	0.02	0.05	1	1			16250	0.7001	Денис	Оля	191д-149	45764	45771	Печников А.А.	39220		23210					39220			23210	62430	62430					0	0	0	0	0	0	0	0	0	0	0	0	0	0	0	0
R68		0.03	0.02	0.05	1	1			4000	0.7018	Денис	Оля	191д-150	45775	45776	Лазебник М.В.			5700					0			5700	5700	5700					0	0	0	0	0	0	0	0	0	0	0	0	0	0	0	0
R69		0.03	0.02	0.05	1	1				#DIV/0!			191д-151											0			0	0						0	#DIV/0!	0	0	0	0	0	0	0	0	0	0	0	0	0	0
R70		0.03	0.02	0.05	1	1			30800	1.086	Денис	Оля	191д-152	45804	45810	Мальцев П.А.	41400		28360					41400	16200	45807	44560	85960	69760	16200				0	0	0	0	0	0	0	0	0	0	0	0	0	0	0	0
R71		0.03	0.02	0.05	1	1				#DIV/0!			191д-153											0			0	0						0	#DIV/0!	0	0	0	0	0	0	0	0	0	0	0	0	0	0
R72		0.03	0.02	0.05	1	1				#DIV/0!		Оля	19д-154	45806	45808	ИП Цабадзе Д.Г.	106900							106900			0	106900	106900					0	0	0	0	0	0	0	0	0	0	0	0	0	0	0	0
R73		0.03	0.02	0.05	1	1				#DIV/0!			191д-155		расторжение	Роджерс В.М.	39900							39900			0	39900	39900	-39900				39900	1	0	0	0	0	0	0	0	0	0	0	0	0	0	0
R74		0.03	0.02	0.05	1	1				#DIV/0!		Оля	191д-156	45807	45807	Щепанков И.А.	21900							21900			0	21900	21900					0	0	0	0	0	0	0	0	0	0	0	0	0	0	0	0
R75		0.03	0.02	0.05	1	1			12280	0.6567	Денис	Оля	191д-157	45815	45819	Волощенко П.Г.	13140		18699					13140			18699	31839	31839					0	0	0	0	0	0	0	0	0	0	0	0	0	0	0	0
R76		0.03	0.02	0.05	1	1			24450	0.753	Денис	Алёна	191д-158	45819	45825	Кичаргина Т.Л.	46865		32470					46865	760	45852	33230	80095	79335	760				0	0	0	0	0	0	0	0	0	0	0	0	0	0	0	0
R77		0.03	0.02	0.05	1	1			23240	0.7012	Денис	Оля	191д-159	45821	45833	Шемелина А.И.	60160		33143					60160			33143	93303	93303					0	0	0	0	0	0	0	0	0	0	0	0	0	0	0	0
R78		0.03	0.02	0.05	1	1			36900	0.6995	Денис	Оля	191д-160	45832		Захаров Н.Г.	94325		52752					94325			52752	147077	147077					0	0	0	0	0	0	0	0	0	0	0	0	0	0	0	0
R79		0.03	0.02	0.05	1	1				#DIV/0!	Денис	Оля	19д-161	45834	45834	Елисов С.Л.	16450							16450			0	16450	16450					0	0	0	0	0	0	0	0	0	0	0	0	0	0	0	0
R80		0.03	0.02	0.05	1	1			27400	0.7001	Денис	Алёна	191д-162	45840	45848	Бовсуновская Н.Ю.	21910		39140					21910			39140	61050	61050					0	0	0	0	0	0	0	0	0	0	0	0	0	0	0	0
R81		0.03	0.02	0.05	1	1			11650	0.6967	Денис	Алёна	191д-163	45859	45862	Фофанова А.Ю.			16721					0			16721	16721	16721					0	0	0	0	0	0	0	0	0	0	0	0	0	0	0	0
R82		0.03	0.02	0.05	1	1			19370	0.6998	Денис	Алёна	191д-164	45846	45853	Демьянченко Н.А.	30245		27678					30245			27678	57923	57922					1	0	0	0	0	0	0	0	0	0	0	0	0	0	0	0
R83		0.03	0.02	0.05	1	1			21450	0.7087	Денис	Алёна	191д-165	45867	45870	Маджуга С.В.	40455		30266					40455			30266	70721	70721					0	0	0	0	0	0	0	0	0	0	0	0	0	0	0	0
R84		0.03	0.02	0.05	1	1			10370	0.6829	Денис	Оля	191д-166	45869	45874	Титова А.Д.	36900		15185					36900			15185	52085	52085					0	0	0	0	0	0	0	0	0	0	0	0	0	0	0	0
R85		0.03	0.02	0.05	1	1			8250	0.7249		Оля	191д-167	45877	45891	Павлова Л.А.	8200		11381					8200			11381	19581	19581					0	0	0	0	0	0	0	0	0	0	0	0	0	0	0	0
R86		0.03	0.02	0.05	1	1				0	Денис	Оля	191д-166	45891	45910	Титова А.Д.	54365		39561					54365			39561	93926	93926					0	0	0	0	0	0	0	0	0	0	0	0	0	0	0	0
R87		0.03	0.02	0.05	1	1			27700	#DIV/0!			191д-168											0			0	0						0	#DIV/0!	0	0	0	0	0	0	0	0	0	0	0	0	0	0
R88		0.03	0.02	0.05	1	1			6010	0.7043	Денис	Оля	191д-169	45909	45919	Шаклеина С.Н.	9200		8533					9200			8533	17733	17733					0	0	0	0	0	0	0	0	0	0	0	0	0	0	0	0
R89		0.03	0.02	0.05	1	1			27400	0.7024	Денис	Оля	191д-170	45908	45924	Кузнецова А.С.	60780		39009	2250	45960			63030			39009	102039	99789	2250				0	0	0	0	0	0	0	0	0	0	0	0	0	0	0	0
R90		0.03	0.02	0.05	1	1			11500	0.7019	Денис	Оля	191д-171	45930	45934	Захаров Н.С.	38800		16385					38800			16385	55185	55185					0	0	0	0	0	0	0	0	0	0	0	0	0	0	0	0
R91		0.03	0.02	0.05	1	1				#DIV/0!			191д-172	45951		Кузнецова А.С.								0			0	0						0	#DIV/0!	0	0	0	0	0	0	0	0	0	0	0	0	0	0
R92		0.03	0.02	0.05	1	1			9000	0.7089	Денис	Оля	191д-173	45944	45946	Иванова Е.П. 	33000		12695					33000			12695	45695	45695					0	0	0	0	0	0	0	0	0	0	0	0	0	0	0	0
R93		0.03	0.02	0.05	1	1			30600	0.674	Денис	Оля	191д-174	45947	45959	Кононенко В.Д.	83648		45401	1111	45947			84759			45401	130160	1111	129049				0	0	0	0	0	0	0	0	0	0	0	0	0	0	0	0
R94		0.03	0.02	0.05	1	1			7000	0.8827	Денис	Оля	191д-170	45948	45961	Кузнецова А.С.	3150		7930					3150	2250	45960	10180	13330	11080	2250				0	0	0	0	0	0	0	0	0	0	0	0	0	0	0	0
R95		0.03	0.02	0.05	1	1				#DIV/0!	Денис	Оля	191д-175	45950	45952	Белоус В.А.	48900							48900			0	48900	48900					0	0	0	0	0	0	0	0	0	0	0	0	0	0	0	0
R96		0.03	0.02	0.05	1	1			12900	0.7027	Денис	Оля	191д-176	45960	45981	Никитина С.В.	25930		18357	6400	45962			32330			18357	50687	44287	6400				0	0	0	0	0	0	0	0	0	0	0	0	0	0	0	0
R97		0.03	0.02	0.05	1	1				#DIV/0!	Денис	Оля	191д-177	45959	45960	Белоус В.А.	5600							5600			0	5600	5600					0	0	0	0	0	0	0	0	0	0	0	0	0	0	0	0
R98		0.03	0.02	0.05	1	1				0	Денис	Оля	191д-178	45969	45974	Мишина М.В.	4700		12019					4700			12019	16719	16719					0	0	0	0	0	0	0	0	0	0	0	0	0	0	0	0
R99		0.03	0.02	0.05	1	1			9300	0.7123	Денис	Оля	191д-179	45987	45989	Левитес С.Д.	43800		13057					43800			13057	56857	56857					0	0	0	0	0	0	0	0	0	0	0	0	0	0	0	0
R100			0.02	0.05		1				#DIV/0!	бз	Оля	19д-179	45983	45983	Кузина С.Н.	12840							12840			0	12840	12840					0	0	0	0	0	0	0	0	0	0	0	0	0	0	0	0
R101		0.03	0.02	0.05	1	1			9500	0.6987		Оля	19д-180	45992	45993	Лагунов А.И.	42800		13596					42800			13596	56396	56396					0	0	0	0	0	0	0	0	0	0	0	0	0	0	0	0
R102		0.03	0.02	0.05	1	1			5000	0.6932		Оля	19д-181	45994	45997	Лагунов а.И.	14330		7213					14330			7213	21543	21543					0	0	0	0	0	0	0	0	0	0	0	0	0	0	0	0
R103		0.03	0.02	0.05	1	1			31600	0.6992		Оля	191д-182	45995	46002	Павленко Л.В.	38065		45192					38065			45192	83257	83257					0	0	0	0	0	0	0	0	0	0	0	0	0	0	0	0
R104		0.03	0.02	0.05	1	1			12000	0.6965		Оля	191д-183	45997	46004	Шульгина А.А.	13860		17229					13860			17229	31089	31089					0	0	0	0	0	0	0	0	0	0	0	0	0	0	0	0
R105		0.03	0.02	0.05	1	1			15300	0.7306		Оля	191д-184	46009	46018	Гарай Е.А.	27600		20942					27600			20942	48542	48542					0	0	0	0	0	0	0	0	0	0	0	0	0	0	0	0
R106		0.03	0.02	0.046	1	1	уже обращался		6400	0.7011	Денис	Оля	191д-185	46013	46023	Иванченкова Е.П.	14225		9129					14225			9129	23354	23354					0	0	0	0	0	0	0	0	0	0	0	0	0	0	0	0
R107		0.03	0.02	0.05	1	1			16800	0.7243		Оля	191д-186	46009	46015	Макеенко А.А.	27970		23196					27970			23196	51166	51166					0	0	0	0	0	0	0	0	0	0	0	0	0	0	0	0
R108		0.03	0.02	0.046	1	1			13100	0.7286	Денис	Оля	191д-187	46044	46053	Крутько Е.Н.	41640		17979					41640			17979	59619	59619					0	0	0	0	0	0	0	0	0	0	0	0	0	0	0	0
R109			0.02	0.046		1				#DIV/0!		Оля	19д-188	46013	46023	Лагунов А.И.	13600							13600			0	13600	13600					0	0	0	0	0	0	0	0	0	0	0	0	0	0	0	0
R110		0.03	0.02	0.046	1	1			5600	#DIV/0!	Денис	Оля	191д-189	46048	46065	Боровик И.А.	8400							8400			0	8400	8400					0	0	0	0	0	0	0	0	0	0	0	0	0	0	0	0
R111		0.03	0.02	0.046	1	1			11700	#DIV/0!	Денис	Оля	191д-190	46053	46065	Пчелкин П.А.	23205							23205			0	23205	23205					0	0	0	0	0	0	0	0	0	0	0	0	0	0	0	0
R112		0.03	0.02	0.046	1	1			12850	0.6691	Денис	Оля	191д-191	46097	46105	Ковалева Л.А.	13150		19205					13150			19205	32355	32355					0	0	0	0	0	0	0	0	0	0	0	0	0	0	0	0
R113		0.03	0.02	0.046	1	1			8130	0.5036	Денис	Оля	191д-192	46106	46112	Кошелев Н.О.	26900		16145					26900			16145	43045	39423					3622	0.0841	0	0	0	0	0	0	0	0	0	0	0	0	0	0
R114		0.03	0.02	0.046	1	1			6460	0.4858	Денис	Оля	191д-193	46140	46169	ИП Прибыльская И.В.	14025		13298					14025			13298	27323	27322					1	0	0	0	0	0	0	0	0	0	0	0	0	0	0	0
R115		0.03	0.02	0.046	1	1				#DIV/0!	Денис	Оля	191д-194	46139	46172	Литвинов К.А.	24900							24900			0	24900	24900					0	0	0	0	0	0	0	0	0	0	0	0	0	0	0	0
R116		0.03	0.02	0.046	1	1			31960	0.7088	Денис	Оля	191д-195	46141	46164	Малышкин А.Н.	70300		45090	1800	46181			72100			45090	117190	115390	1800				0	0	0	0	0	0	0	0	0	0	0	0	0	0	0	0
R117		0.03	0.02	0.046	1	1			7100	0.6794	Денис	Оля	191д-196	46149	46171	Севрюгин С.В.	10350		10450					10350			10450	20800	20800					0	0	0	0	0	0	0	0	0	0	0	0	0	0	0	0
R118		0.03	0.02	0.046	1	1				0			191д-197			Аэропорт Мурманск	15600		24700					15600			24700	40300						40300	1	0	0	0	0	0	0	0	0	0	0	0	0	0	0
R119		0.03	0.02	0.046	1	1				0	Денис	Оля	191д-198	46171		Федотова Е.А.	13990		9240					13990			9240	23230	23230					0	0	0	0	0	0	0	0	0	0	0	0	0	0	0	0
R120		0.03	0.02	0.046	1	1			6100	0.61	Денис	Оля	191д-198	46177	46195	ООО Арт-Сервис	287110		10000	-10000	46196			277110			10000	287110	297110	-10000				0	0	0	0	0	0	0	0	0	0	0	0	0	0	0	0
R121		0.03	0.02	0.046	1	1			46550	0.6786	Денис	Оля	191д-199	46258	46284	Иванов А.В.	107400		68600					107400			68600	176000	123200	52800				0	0	0	2428.8	0	0	0	2428.8	1584	1056	0	0	176000	0	2428.8	1584
R122		0.03	0.02	0.046	1	1			12500	0.6808	Денис	Оля	191д-200	46270	46288	Епишин А.В.	30260		18360					30260			18360	48620	48620					0	0	1565.564	670.956	0	0	0	2236.52	1458.6	972.4	1	48620	48620	48620	2236.52	1458.6
R123		0.03	0.02	0.046	1	1				0	Денис	Оля	191д-201	46280		Студнева Н.О.	22780		22992					22780			22992	45772	45772					0	0	1473.8584	0	0	0	0	1473.8584	961.212	640.808	0	45772	0	0	1473.8584	961.212
R124		0.03	0.02	0.046	1	1				0	Денис	Оля	19/3/2д-1	46289		Никифоров А.О.	19125		10157					19125			10157	29282	29282					0	0	942.8804	0	0	0	0	942.8804	614.922	409.948	0	29282	0	0	942.8804	614.922
R125		0.03	0.02	0.046	1	1				0	Денис	Оля	19/3/2д-2	46289		Самошкина Т.Н.	62375		44412					62375			44412	106787	106787					0	0	3438.5414	0	0	0	0	3438.5414	2242.527	1495.018	0	106787	0	0	3438.5414	2242.527
R126		0.03	0.02	0.046	1	1				#DIV/0!														0			0	0						0	#DIV/0!	0	0	0	0	0	0	0	0	0	0	0	0	0	0
R127		0.03	0.02	0.046	1	1				#DIV/0!														0			0	0						0	#DIV/0!	0	0	0	0	0	0	0	0	0	0	0	0	0	0
R128		0.03	0.02	0.046	1	1				#DIV/0!														0			0	0						0	#DIV/0!	0	0	0	0	0	0	0	0	0	0	0	0	0	0
R129		0.03	0.02	0.046	1	1				#DIV/0!														0			0	0						0	#DIV/0!	0	0	0	0	0	0	0	0	0	0	0	0	0	0
R130		0.03	0.02	0.046	1	1				#DIV/0!														0			0	0						0	#DIV/0!	0	0	0	0	0	0	0	0	0	0	0	0	0	0
R131		0.03	0.02	0.046	1	1				#DIV/0!														0			0	0						0	#DIV/0!	0	0	0	0	0	0	0	0	0	0	0	0	0	0
R132		0.03	0.02	0.046	1	1				#DIV/0!														0			0	0						0	#DIV/0!	0	0	0	0	0	0	0	0	0	0	0	0	0	0
R133		0.03	0.02	0.046	1	1				#DIV/0!														0			0	0						0	#DIV/0!	0	0	0	0	0	0	0	0	0	0	0	0	0	0
R135							потолки																													3	3				3504.51	2285.55	1523.7	2	47805	142405	25935	3504.51	2285.55
R136		0.03	0.02	0.03	1	1			26135	0.8124	Денис	Оля	191п-50	45316	45344	Голованова Н.Ф.	27712		32172	7296	45332			35008			32172	67180	59884	7296				0	0	0	0	0	0	0	0	0	0	0	0	0	0	0	0
R137		0.03	0.02	0.03	1	1				#DIV/0!	Денис	Оля	191п-50х	45316	45344	Голованова Н.Ф.	3476							3476			0	3476	3476					0	0	0	0	0	0	0	0	0	0	0	0	0	0	0	0
R138		0.03	0.02	0.03	1	1			2910	0.5891	Денис	Оля	191п-51	45330	45335	Ларионова Н.Н.	4647		4940					4647			4940	9587	9587					0	0	0	0	0	0	0	0	0	0	0	0	0	0	0	0
R139		0.03	0.02	0.03	1	1			8120	0.6152	Денис	Оля	191п-52	45343	45346	Куфенко П.В.	11674		13200					11674			13200	24874	24874					0	0	0	0	0	0	0	0	0	0	0	0	0	0	0	0
R140		0.03	0.02	0.03	1	1				#DIV/0!	Денис	Оля	191п-52х	45344	45346	Куфенко П.В.	11160							11160			0	11160	11160					0	0	0	0	0	0	0	0	0	0	0	0	0	0	0	0
R141		0.03	0.02	0.03	1	1	уже обращался		4314	0.5047	Денис	Оля	191п-53	45363	45371	Маслов Л.В.	5840		8548					5840			8548	14388	14401					-13	-0.0009	0	0	0	0	0	0	0	0	0	0	0	0	0	0
R142		0.03	0.02	0.03	1	1			6440	0.5691	Денис	Оля	191п-54	45369	45372	Лосева Л.Н.	2848		11316					2848			11316	14164	14164					0	0	0	0	0	0	0	0	0	0	0	0	0	0	0	0
R143		0.03	0.02	0.03	1	1	интернет		8644	0.6389	Денис	Оля	191п-55	45369	45388	Жукова С.Н.	11308		13530					11308			13530	24838	24838					0	0	0	0	0	0	0	0	0	0	0	0	0	0	0	0
R144		0.03	0.02	0.03	1	1				#DIV/0!	Денис	Оля	191п-55х	45369	45388	Жукова С.Н.	5137							5137			0	5137	5137					0	0	0	0	0	0	0	0	0	0	0	0	0	0	0	0
R145		0.03	0.02	0.03	1	1	уже обращался		15197	0.5948	Денис	Оля	191п-56	45378	45412	Удовиченко Е.А.	19100		25550					19100	3500	45400	29050	48150	44650	3500				0	0	0	0	0	0	0	0	0	0	0	0	0	0	0	0
R146		0.03	0.02	0.03	1	1				#DIV/0!	Денис	Оля	191п-56х	45378	45412	Удовиченко Е.А.	2753							2753			0	2753	2753					0	0	0	0	0	0	0	0	0	0	0	0	0	0	0	0
R147		0.03	0.02	0.03	1	1	уже обращался		8283	0.5642	Денис	Оля	191п-57	45392	45411	Денисова И.А. 	13538		14680					13538	1925	45412	16605	30143	20000	8218	1925			0	0	0	0	0	0	0	0	0	0	0	0	0	0	0	0
R148		0.03	0.02	0.03	1	1	наружка		6860	0.5658	Денис	Оля	191п-58	45395	45401	Юртаева Т.В.	7967		12125					7967			12125	20092	20092					0	0	0	0	0	0	0	0	0	0	0	0	0	0	0	0
R149		0.03	0.02	0.03	1	1				#DIV/0!	Денис	Оля	191п-58х	45395	45401	Юртаева Т.В.	3250							3250			0	3250	3250					0	0	0	0	0	0	0	0	0	0	0	0	0	0	0	0
R150		0.03	0.02	0.03	1	1	уже обращался		2220	0.6343	Денис	Оля	191п-59	45395	45401	Обухова О.Г.	4355		3500					4355			3500	7855	7855					0	0	0	0	0	0	0	0	0	0	0	0	0	0	0	0
R151		0.03	0.02	0.03	1	1	уже обращался		14760	0.4336	Денис	Оля	191п-60	45401	45408	Иванцов А.А.	25985		34040					25985			34040	60025	60025					0	0	0	0	0	0	0	0	0	0	0	0	0	0	0	0
R152		0.03	0.02	0.03	1	1	уже обращался		4903	0.5947	Денис	Оля	191п-61	45404	45426	Яцук Е.Л.	11430		8245					11430			8245	19675	19675					0	0	0	0	0	0	0	0	0	0	0	0	0	0	0	0
R153		0.03	0.02	0.03	1	1				#DIV/0!	Денис	Оля	191п-61х	45404	45426	Яцук Е.Л.	1700							1700			0	1700	1700					0	0	0	0	0	0	0	0	0	0	0	0	0	0	0	0
R154		0.03	0.02	0.03	1	1	уже обращался		5000	0.3014	Денис	Оля	191п-62	45405	45432	Лабинцева Е.В.	13938		16590					13938			16590	30528	30528					0	0	0	0	0	0	0	0	0	0	0	0	0	0	0	0
R155		0.03	0.02	0.03	1	1				#DIV/0!	Денис	Оля	191п-62х	45405	45432	Лабинцева Е.В.	3509							3509			0	3509	3509					0	0	0	0	0	0	0	0	0	0	0	0	0	0	0	0
R156		0.03	0.02	0.03	1	1	уже обращался		3130	0.5569	Денис	Оля	191п-63	45439	45448	Пельтихина Ю.В.	3152		5620					3152			5620	8772	8772					0	0	0	0	0	0	0	0	0	0	0	0	0	0	0	0
R157		0.03	0.02	0.03	1	1				#DIV/0!	Денис	Оля	191п-63х	45439	45448	Пельтихина Ю.В.	1416							1416			0	1416	1416					0	0	0	0	0	0	0	0	0	0	0	0	0	0	0	0
R158		0.03	0.02	0.03	1	1			4341	0.6484	Денис	Оля	191п-64	45453	45461	Карпинская А.В.	8705		6695					8705			6695	15400	15400					0	0	0	0	0	0	0	0	0	0	0	0	0	0	0	0
R159		0.03	0.02	0.03	1	1				#DIV/0!	Денис	Оля	191п-64х	45453	45461	Карпинская А.В.	1060							1060			0	1060	1060					0	0	0	0	0	0	0	0	0	0	0	0	0	0	0	0
R160		0.03	0.02	0.03	1	1			7582	0.669	Денис	Оля	191п-65	45460		Коновалова Н.К.	10943		11333					10943			11333	22276	22276					0	0	0	0	0	0	0	0	0	0	0	0	0	0	0	0
R161		0.03	0.02	0.03	1	1				#DIV/0!	Денис	Оля	191п-65х	45460		Коновалова Н.К.	2552							2552			0	2552	2552					0	0	0	0	0	0	0	0	0	0	0	0	0	0	0	0
R162		0.03	0.02	0.03	1	1			6548	0.5613	Денис	Оля	191п-66	45464	45469	Студнева Н.О.	7659		11665					7659			11665	19324	19324					0	0	0	0	0	0	0	0	0	0	0	0	0	0	0	0
R163		0.03	0.02	0.03	1	1				#DIV/0!	Денис	Оля	191п-66х	45464	45469	Студнева Н.О.	2972							2972			0	2972	2972					0	0	0	0	0	0	0	0	0	0	0	0	0	0	0	0
R164		0.03	0.02	0.03	1	1			8050	0.5791	Денис	Оля	191п-67	45467	45474	Киров Д.А.	6691		13900					6691			13900	20591	20591					0	0	0	0	0	0	0	0	0	0	0	0	0	0	0	0
R165		0.03	0.02	0.03	1	1				#DIV/0!	Денис	Оля	191п-67х	45467	45474	Киров Д.А.	990							990			0	990	990					0	0	0	0	0	0	0	0	0	0	0	0	0	0	0	0
R166		0.03	0.02	0.03	1	1			6520	0.5821	Денис	Оля	191п-68	45469		Давлетшин Т.Р.	3232		11200					3232			11200	14432	14432					0	0	0	0	0	0	0	0	0	0	0	0	0	0	0	0
R167		0.03	0.02	0.03	1	1	уже обращался		4900	0.6703	Денис	Оля	191п-69	45478	45486	Бабичева М.К.	4838		7310					4838			7310	12148	12148					0	0	0	0	0	0	0	0	0	0	0	0	0	0	0	0
R168		0.03	0.02	0.03	1	1	уже обращался		14880	0.5221	Денис	Оля	191п-70	45483	45489	Шарай П.А.	21032		28500					21032			28500	49532	49532					0	0	0	0	0	0	0	0	0	0	0	0	0	0	0	0
R169		0.03	0.02	0.03	1	1			3300	0.4545	Денис	Оля	191п-71	45496	45498	Соколова Ж.К.	3232		7260					3232			7260	10492	10492					0	0	0	0	0	0	0	0	0	0	0	0	0	0	0	0
R170		0.03	0.02	0.03	1	1				#DIV/0!	Денис	Оля	191п-71х	45496	45498	Соколова Ж.К.	1276							1276			0	1276	1276					0	0	0	0	0	0	0	0	0	0	0	0	0	0	0	0
R171		0.03	0.02	0.03	1	1			5475	0.492	Денис	Людмила	191п-72	45512	45523	Баринов Д.	3198		11128					3198			11128	14326	14326					0	0	0	0	0	0	0	0	0	0	0	0	0	0	0	0
R172		0.03	0.02	0.03	1	1				#DIV/0!	Денис	Людмила	191п-72х	45512	45523	Баринов Д.	1000							1000			0	1000	1000					0	0	0	0	0	0	0	0	0	0	0	0	0	0	0	0
R173		0.03	0.02	0.03	1	1			9095	0.5982	Денис	Людмила	191п-73	45531	45532	Голованова Н.Ф.	5931		15205	250	45531			6181			15205	21386	250	21136				0	0	0	0	0	0	0	0	0	0	0	0	0	0	0	0
R174		0.03	0.02	0.03	1	1			6580	0.5707	Денис	Оля	191п-74	45541	45548	Шилова О.И.	12623	1487	11529					12623			11529	25639	24152	1487				0	0	0	0	0	0	0	0	0	0	0	0	0	0	0	0
R175		0.03	0.02	0.03	1	1			11360	0.6345	Денис	Оля	191п-75	45546	45554	Самохвалов А.Д.	6818		17904					6818			17904	24722	24722					0	0	0	0	0	0	0	0	0	0	0	0	0	0	0	0
R176			0.02	0.03		1			7709	0.5275	бз	Оля	19п-76	45547	45567	Филиппов С.В.	9012		14613					9012			14613	23625	23625					0	0	0	0	0	0	0	0	0	0	0	0	0	0	0	0
R177		0.03	0.02	0.03	1	1			27397	0.5757	Денис	Оля	191п-77	45551	45597	Таболкина Р.А.	40699	10846	47591	3185	45573			43884			47591	102321	9086	88290	1760	3185		0	0	0	0	0	0	0	0	0	0	0	0	0	0	0	0
R178		0.03	0.02	0.03	1	1			8401	0.5929	Денис	Оля	191п-78	45558	45574	Понамарев С.Ю.	9526		14169					9526			14169	23695	23695					0	0	0	0	0	0	0	0	0	0	0	0	0	0	0	0
R179		0.03	0.02	0.03	1	1			16226	0.5575	Денис	Оля	191п-79	45562	45595	Лелюх О.Н.	23341	21744	29105	2072	45593			25413			29105	76262	37000	21744	15446	2072		0	0	0	0	0	0	0	0	0	0	0	0	0	0	0	0
R180		0.03	0.02	0.03	1	1			90874	0.9306	Денис	Оля	191п-80	45563	45603	Хайрулин С.А.	58982	40321	97656					58982			97656	196959	156638	40321				0	0	0	0	0	0	0	0	0	0	0	0	0	0	0	0
R181		0.03	0.02	0.03	1	1			36015	0.7096	Денис	Оля	191п-81	45563	45603	Хайрулин С.А.	20395	17695	50755					20395			50755	88845	71150	17695				0	0	0	0	0	0	0	0	0	0	0	0	0	0	0	0
R182		0.03	0.02	0.03	1	1	уже обращался		5837	0.6251	Денис	Оля	191п-82	45583	45618	Каленик М.В.	10132	1661	9338					10132			9338	21131	1661	19470				0	0	0	0	0	0	0	0	0	0	0	0	0	0	0	0
R183		0.03	0.02	0.03	1	1			5590	0.6189	Денис	Оля	191п-83	45607	45623	Майборода А.А.	7667		9032					7667			9032	16699	16699					0	0	0	0	0	0	0	0	0	0	0	0	0	0	0	0
R184			0.02	0.03		1			3417	0.6547	бз	Оля	19п-84	45593	45597	Фоменко С.Н.	4579		5219					4579			5219	9798	9798					0	0	0	0	0	0	0	0	0	0	0	0	0	0	0	0
R185		0.03	0.02	0.03	1	1			18400	0.6487	Денис	Оля	191п-84	45617	45625	Дроздова С.Н.	16618	3828	28364					16618			28364	48810	3828	19248	25734			0	0	0	0	0	0	0	0	0	0	0	0	0	0	0	0
R186		0.03	0.02	0.03	1	1			7820	0.6152	Денис	Оля	191п-85	45617	45629	Богданов Е.С.	10826		12711					10826			12711	23537	23537					0	0	0	0	0	0	0	0	0	0	0	0	0	0	0	0
R187		0.03	0.02	0.03	1	1			10760	0.7178	Денис	Оля	191п-86	45638	45649	Сухов А.С.	11320	2860	14990					11320			14990	29170	2860	26310				0	0	0	0	0	0	0	0	0	0	0	0	0	0	0	0
R188		0.03	0.02	0.03	1	1			8590	0.7072	Денис	Оля	191п-87	45651	45678	Макеенко А.А.	10471		12146					10471			12146	22617	22617					0	0	0	0	0	0	0	0	0	0	0	0	0	0	0	0
R189		0.03	0.02	0.05	1	1			4810	0.5854	Денис	Оля	191п-88	45680	45685	Жукова Т.П.	7210		8216					7210			8216	15426	15426					0	0	0	0	0	0	0	0	0	0	0	0	0	0	0	0
R190		0.03	0.02	0.05	1	1			42470	0.5998	Денис	Оля	191п-89	45685	45750	Неверович А.В.	42342	5060	70810	800	45686	1200	45686	44342			70810	120212	113152	5060	800	1200		0	0	0	0	0	0	0	0	0	0	0	0	0	0	0	0
R191		0.03	0.02	0.05	1	1	уже обращался		6370	0.6463	Денис	Оля	191п-90	45686	45695	Буравицкая Н.В.	6346		9856					6346			9856	16202	16602					-400	-0.0247	0	0	0	0	0	0	0	0	0	0	0	0	0	0
R192		0.03	0.02	0.05	4	1	интернет		7150	0.6429	Панин	Оля	194п-91		45708	Бойкова Т.Ю.	8893	4697	11122					8893			11122	24712	20015	4697				0	0	0	0	0	0	0	0	0	0	0	0	0	0	0	0
R193		0.03	0.02	0.05	4	1			8130	0.6295	Панин	Оля	194п-92	45708	45713	Захаров В.С.	7406	3520	12916					7406			12916	23842	3520	20322				0	0	0	0	0	0	0	0	0	0	0	0	0	0	0	0
R194		0.03	0.02	0.05	1	1			2500	0.8818	Денис	Оля	191п-93	45713	45726	Антипин Е.О.	3284		2835					3284			2835	6119	6119					0	0	0	0	0	0	0	0	0	0	0	0	0	0	0	0
R195		0.03	0.02	0.05	1	1	уже обращался		8700	0.5731	Денис	Оля	191п-94	45716	45737	Каленик М.В.	6742	1914	15180					6742			15180	23836	21922	1914				0	0	0	0	0	0	0	0	0	0	0	0	0	0	0	0
R196		0.03	0.02	0.05	4	1	уже обращался		4170	0.7317	Денис П.	Оля	194п-95	45722	45729	Фролова И.А.	4493	572	5699					4493			5699	10764	572	10192				0	0	0	0	0	0	0	0	0	0	0	0	0	0	0	0
R197		0.03	0.02	0.05	1	1	уже обращался		6170	0.5576	Денис	Оля	191п-96		45735	Пономаренко Е.С.	7389	1914	11066					7389			11066	20369	18455	1914				0	0	0	0	0	0	0	0	0	0	0	0	0	0	0	0
R198		0.03	0.02	0.05	1	1	уже обращался		17460	0.5334	Денис	Оля	191п-97	45738	45748	Хмелинина д.С.	20513	8940	32733					20513			32733	62186	53246	4170	4770			0	0	0	0	0	0	0	0	0	0	0	0	0	0	0	0
R199		0.03	0.02	0.05	1	1			8360	0.5289	Денис	Оля	191п-98	45745		Шилова Е.А.	14457	7499	15806					14457			15806	37762	30263	7499				0	0	0	0	0	0	0	0	0	0	0	0	0	0	0	0
R200		0.03	0.02	0.05	1	1			7560	0.5857	Денис	Оля	194п-99	45754	45755	Новикова А.В.	12034	1925	12908					12034			12908	26867	1925	24942				0	0	0	0	0	0	0	0	0	0	0	0	0	0	0	0
R201		0.03	0.02	0.05	1	1			5500	0.6633	Денис	Оля	191п-100	45755	45761	Неверович А.В.	6695		8292					6695			8292	14987	14987					0	0	0	0	0	0	0	0	0	0	0	0	0	0	0	0
R202		0.03	0.02	0.05	1	1			3500	0.3977	Денис	Оля	191п-101		45775	Лазебник М.В.	2475		8800					2475			8800	11275	11275					0	0	0	0	0	0	0	0	0	0	0	0	0	0	0	0
R203		0.03	0.02	0.05	1	1	интернет		9500	0.6195	Денис	Оля	191п-102	45764	45782	Балабоня М.Р.	19252	2871	15335					19252			15335	37458	34587	2871				0	0	0	0	0	0	0	0	0	0	0	0	0	0	0	0
R204		0.03	0.02	0.05	1	1			5500	0.4632	Денис	Оля	191п-103	45764	45772	Печников А.А.	10644		11873					10644			11873	22517	22517					0	0	0	0	0	0	0	0	0	0	0	0	0	0	0	0
R205		0.03	0.02	0.05	1	1	уже обращался		17200	0.4497	Денис	Оля	191п-104	45773	45804	Серов М.Ф.	23646	8206	38249					23646			38249	70101	8206	61895				0	0	0	0	0	0	0	0	0	0	0	0	0	0	0	0
R206		0.03	0.02	0.05	1	1			8390	0.474	Денис	Оля	191п-105	45776	45796	Прагматик Мурманск	41555		17700					41555			17700	59255	59255					0	0	0	0	0	0	0	0	0	0	0	0	0	0	0	0
R207		0.03	0.02	0.05	1	1			8400	0.6321		Оля	191п-106	45792	45794	Шемелина А.И.	7005	2640	13290					7005			13290	22935	2640	20295				0	0	0	0	0	0	0	0	0	0	0	0	0	0	0	0
R208		0.03	0.02	0.05	1	1			15150	0.6365		Оля	191п-107	45803	45807	Тысько Е.П.	34647		23801					34647			23801	58448	58448					0	0	0	0	0	0	0	0	0	0	0	0	0	0	0	0
R209		0.03	0.02	0.05	1	1			7600	0.5549	Денис	Оля	191п-108	45805	45849	Большакова Е.В.	5831	5299	13695	-680	45926			5151			13695	24145	5299	19526	-680			0	0	0	0	0	0	0	0	0	0	0	0	0	0	0	0
R210		0.03	0.02	0.05	1	1			57300	1.0258	Денис	Алёна	191п-109	45833	45848	Захаров Н.Г.	83046	51440	55861					83046			55861	190347	138907	43300	8140			0	0	0	0	0	0	0	0	0	0	0	0	0	0	0	0
R211		0.03	0.02	0.05	1	1			7200	0.5122	Денис	Алёна	191п-110	45852	45855	Кичаргина Т.Л.	9127	2002	14058					9127			14058	25187	23185	2002				0	0	0	0	0	0	0	0	0	0	0	0	0	0	0	0
R212		0.03	0.02	0.05	1	1	интернет		8400	0.6124	Денис	Алёна	191п-111	45849	45854	Сташенко М.В.	10131	1914	13717					10131			13717	25762	23848	1914				0	0	0	0	0	0	0	0	0	0	0	0	0	0	0	0
R213		0.03	0.02	0.05	1	1			16700	0.6633	Денис	Алёна	191п-112	45846	45853	Демьянченко Н.А.	28097	2233	25176					28097			25176	55506	2233	53273				0	0	0	0	0	0	0	0	0	0	0	0	0	0	0	0
R214		0.03	0.02	0.05	1	1			3000	0.6766	Денис	Алёна	191п-113	45867	45871	Маджуга С.В.	4534		4434					4534			4434	8968	8968					0	0	0	0	0	0	0	0	0	0	0	0	0	0	0	0
R215		0.03	0.02	0.05	1	1				0		Оля	191п-114	45875		Бовсуновская Н.Ю.	30934		26154	-26154	45883			4780			26154	30934	40000	-9066				0	0	0	0	0	0	0	0	0	0	0	0	0	0	0	0
R216		0.03	0.02	0.05	1	1			5180	0.5872		Оля	191п-115	45877	45880	Валявкина К.А.	9918		8822					9918			8822	18740	18740					0	0	0	0	0	0	0	0	0	0	0	0	0	0	0	0
R217		0.03	0.02	0.05	1	1			5700	0.6211	Денис	Оля	191п-116	45884	45919	Завьялова Д.Д.	9764	957	9178					9764			9178	19899	957	18942				0	0	0	0	0	0	0	0	0	0	0	0	0	0	0	0
R218		0.03	0.02	0.05	1	1			3200	0.5312	Денис	Оля	191п-117	45884	45904	Хохлова Н.М.	5729		6024					5729			6024	11753	11753					0	0	0	0	0	0	0	0	0	0	0	0	0	0	0	0
R219		0.03	0.02	0.05	1	1				0		Оля	191п-117	45894		Титова А.Д.	35241	2411	49116					35241			49116	86768	84357	2411				0	0	0	0	0	0	0	0	0	0	0	0	0	0	0	0
R220		0.03	0.02	0.05	1	1			3200	0.6667	Денис	Оля	191п-118	45894	45913	Титова А.Д.	3797		4800					3797			4800	8597	8597					0	0	0	0	0	0	0	0	0	0	0	0	0	0	0	0
R221		0.03	0.02	0.05	1	1			24920	#DIV/0!			191п-119		45913	Титова А.Д.								0			0	0						0	#DIV/0!	0	0	0	0	0	0	0	0	0	0	0	0	0	0
R222		0.03	0.02	0.05	1	1			8800	0.6757	Денис	Оля	191п-120	45898	45910	Сбратов В.М.	11727		13024					11727			13024	24751	24751					0	0	0	0	0	0	0	0	0	0	0	0	0	0	0	0
R223		0.03	0.02	0.05	1	1			25800	0.5185	Денис	Оля	191п-121	45908	45916	Кузнецова А.С.	32661	14234	49757					32661			49757	96652	14234	82418				0	0	0	0	0	0	0	0	0	0	0	0	0	0	0	0
R224		0.03	0.02	0.05	1	1			6500	#DIV/0!			191п-122											0			0	0						0	#DIV/0!	0	0	0	0	0	0	0	0	0	0	0	0	0	0
R225		0.03	0.02	0.05	1	1			19600	0.513	Денис	Оля	191п-123	45929	45960	Новиков Д.С.	27350	7524	38204					27350			38204	73078	65554	7524				0	0	0	0	0	0	0	0	0	0	0	0	0	0	0	0
R226		0.03	0.02	0.05	1	1			5400	0.4654	Олег	Оля	191п-124	45948	45950	Еременко В.Н.	7667	2288	11603					7667			11603	21558	2288	19270				0	0	0	0	0	0	0	0	0	0	0	0	0	0	0	0
R227		0.03	0.02	0.05	1	1				0	Денис	Оля	191п-121	45948	45957	Кузнецова А.С.	7522	4686	13910					7522			13910	26118	21432	4686				0	0	0	0	0	0	0	0	0	0	0	0	0	0	0	0
R228		0.03	0.02	0.05	1	1				0	Денис	Оля	191п-125	45967	45971	Лосева Л.Н.	11380	2070	16660					11380			16660	30110	28040	2070				0	0	0	0	0	0	0	0	0	0	0	0	0	0	0	0
R229		0.03	0.02	0.05	1	1			13100	0.5918	Денис	Оля	191п-126	45972	45980	Мишина М.В.	16684	17916	22134					16684			22134	56734	17916	38818				0	0	0	0	0	0	0	0	0	0	0	0	0	0	0	0
R230		0.03	0.02	0.05	1	1			6500	0.3805		Оля	191п-127	45994	45999	Терещенко М.А.	16119	3891	17085					16119			17085	37095	3891	33204				0	0	0	0	0	0	0	0	0	0	0	0	0	0	0	0
R231		0.03	0.02	0.05	1	1			8400	0.4277	Денис	Оля	191п-128	45986	45990	Акимов В.А.	18578		19641					18578			19641	38219	38219					0	0	0	0	0	0	0	0	0	0	0	0	0	0	0	0
R232		0.03	0.02	0.05	1	1			5150	0.4625		Оля	191п-129	45999	46006	Шилова О.И.	11160	1703	11135					11160			11135	23998	1703	22295				0	0	0	0	0	0	0	0	0	0	0	0	0	0	0	0
R233		0.03	0.02	0.05	1	1			6100	0.5746		Оля	191п-130	45996	46004	Яблоновская И.В.	5021		10616					5021			10616	15637	15637					0	0	0	0	0	0	0	0	0	0	0	0	0	0	0	0
R234		0.03	0.02	0.05	1	1			9300	0.4905		Оля	191п-131	46000	46007	Завьялова Д.Д.	20013	3248	18960					20013			18960	42221	38973	3248				0	0	0	0	0	0	0	0	0	0	0	0	0	0	0	0
R235		0.03	0.02	0.05	1	1			9600	0.64		Оля	191п-132	46009	46016	Гарай Е.А.	7697		15000					7697			15000	22697	22697					0	0	0	0	0	0	0	0	0	0	0	0	0	0	0	0
R236		0.03	0.02	0.046	1	1			18600	0.5666	Денис	Оля	191п-133	46038	46064	Крутько Е.Н.	60619		32826					60619			32826	93445	93445					0	0	0	0	0	0	0	0	0	0	0	0	0	0	0	0
R237		0.03	0.02	0.046	1	1			19500	0.5787	Денис	Оля	191п-134	46046	46055	Пчелкин П.А.	28649		33699	4420	46053			33069			33699	66768	62348	4420				0	0	0	0	0	0	0	0	0	0	0	0	0	0	0	0
R238		0.03	0.02	0.046	1	1			13600	0.6693	Денис	Оля	191п-135	46048	46057	Боровик И.А.	8998	4630	20319					8998			20319	33947	4630	29317				0	0	0	0	0	0	0	0	0	0	0	0	0	0	0	0
R239		0.03	0.02	0.046	1	1			5350	0.5084	Денис	Оля	191п-136	46050	46060	Соколова Т.В.	11158	1200	10523					11158			10523	22881	1200	21681				0	0	0	0	0	0	0	0	0	0	0	0	0	0	0	0
R240		0.03	0.02	0.046	1	1			8833	0.6074	Денис	Оля	191п-137	46062	46070	Суховский А.А.	10424	9476	14543					10424			14543	34443	9476	24967				0	0	0	0	0	0	0	0	0	0	0	0	0	0	0	0
R241		0.03	0.02	0.046	1	1			4500	0.4802	Денис	Оля	191п-138	46078	46080	Обухова О.Г.	4220	1624	9372					4220			9372	15216	1624	13592				0	0	0	0	0	0	0	0	0	0	0	0	0	0	0	0
R242		0.03	0.02	0.046	1	1			7200	0.6314	Денис	Оля	191п-139	46078	46081	Худякова В.С.	8952		11404					8952			11404	20356	20356					0	0	0	0	0	0	0	0	0	0	0	0	0	0	0	0
R243		0.03	0.02	0.046	1	1			6500	0.5619	Денис	Оля	191п-140	46097	46098	Щаникова О.Н.	5281	1624	11568					5281			11568	18473	16849	1624				0	0	0	0	0	0	0	0	0	0	0	0	0	0	0	0
R244		0.03	0.02	0.046	1	1				#DIV/0!			191п-141											0			0	0						0	#DIV/0!	0	0	0	0	0	0	0	0	0	0	0	0	0	0
R245		0.03	0.02	0.046	1	1				0	Денис	Оля	191п-142	46141	46149	Ковалевский А.В.	7212		18756					7212			18756	25968	25968					0	0	0	0	0	0	0	0	0	0	0	0	0	0	0	0
R246		0.03	0.02	0.046	1	1			33287	0.5563	Денис	Оля	191п-143	46141	46164	Малышкин А.Н.	49295	9828	59836					49295			59836	118959	9828	109131				0	0	0	0	0	0	0	0	0	0	0	0	0	0	0	0
R247		0.03	0.02	0.046	1	1			3878	0.579	Денис	Оля	191п-144	46149	46172	Севрюгин С.В.	6923		6698					6923			6698	13621	13621					0	0	0	0	0	0	0	0	0	0	0	0	0	0	0	0
R248		0.03	0.02	0.046	1	1			7022	0.552	Денис	Оля	191п-145	46163	46167	Зубкова Л.Ю.	7063	1456	12721					7063	1600	46164	14321	22840	1456	19784	1600			0	0	0	0	0	0	0	0	0	0	0	0	0	0	0	0
R249		0.03	0.02	0.046	1	1			31485	0.6073	Денис	Оля	191п-146	46177	46203	ООО Сира	35485	8932	51841					35485			51841	96258	87326	8932				0	0	0	0	0	0	0	0	0	0	0	0	0	0	0	0
R250		0.03	0.02	0.046	1	1			9039	0.5549	Денис	Оля	191п-147	46178	46183	Маренкова А.В.	8078	2548	16290					8078			16290	26916	2548	24368				0	0	0	0	0	0	0	0	0	0	0	0	0	0	0	0
R251		0.03	0.02	0.046	1	1			11306	0.6794	Денис	Оля	191п-148	46207	46213	Михайлова Т.В.	15694	3248	16641					15694			16641	35583	20066	3248	12162			107	0.003	0	0	0	0	0	0	0	0	0	0	0	0	0	0
R252		0.03	0.02	0.046	1	1			6416	0.5334	Денис	Оля	191п-149	46226	46232	Беседина А.А.	7538	2136	12028					7538			12028	21702	19566	2136				0	0	0	0	0	0	0	0	0	0	0	0	0	0	0	0
R253		0.03	0.02	0.046	1	1			8067	0.6002	Денис	Оля	191п-150	46233	46237	Пысова И.А.	9259	1890	13440					9259			13440	24589	22699	1890				0	0	0	0	0	0	0	0	0	0	0	0	0	0	0	0
R254		0.03	0.02	0.046	1	1			13135	0.6146	Денис	Денис	191п-151	46244		Крупорницкий Д.А.	16754		21372					16754			21372	38126	38126					0	0	0	0	0	0	0	0	0	0	0	0	0	0	0	0
R255		0.03	0.02	0.046	1	1			7735	0.581	Денис	Денис	191п-152	46254	46263	Янцевич М.В.	8853	2030	13313					8853			13313	24196	22166	2030				0	0	0	0	0	0	0	0	0	0	0	0	0	0	0	0
R256		0.03	0.02	0.046	1	1			54373	1.0092	Денис	Оля	191п-153-1	46258	46283	Иванов А.В.	62593		53877					62593			53877	116470	82000	34470				0	0	0	1607.286	0	0	0	1607.286	1048.23	698.82	0	0	116470	0	1607.286	1048.23
R257		0.03	0.02	0.046	1	1				0	Денис	Денис	191п-153-2	46258		Иванов А.В.	17100		28323					17100			28323	45423	32000	13423				0	0	0	0	0	0	0	0	0	0	0	0	0	0	0	0
R258		0.03	0.02	0.046	1	1			5528	0.5583	Денис	Оля	191п-154	46270	46288	Епишин А.В.	7218	2268	9902					7218			9902	19388	17120	2268				0	0	551.264	236.256	0	0	0	787.52	513.6	342.4	1	17120	17120	17120	787.52	513.6
R259		0.03	0.02	0.046	1	1			2625	0.6055	Денис	Оля	191п-155	46281	46291	Чиванова А.В.	4480	1218	4335					4480			4335	10033	1218	8815				0	0	283.843	121.647	0	0	0	405.49	264.45	176.3	1	8815	8815	8815	405.49	264.45
R260		0.03	0.02	0.046	1	1				0	Денис	Оля	19/3/2п-1	46289		Никифоров А.О.	7021		14849					7021			14849	21870	21870					0	0	704.214	0	0	0	0	704.214	459.27	306.18	0	21870	0	0	704.214	459.27
R261		0.03	0.02	0.046	1	1				#DIV/0!														0			0	0						0	#DIV/0!	0	0	0	0	0	0	0	0	0	0	0	0	0	0
R262		0.03	0.02	0.046	1	1				#DIV/0!														0			0	0						0	#DIV/0!	0	0	0	0	0	0	0	0	0	0	0	0	0	0
R263		0.03	0.02	0.046	1	1				#DIV/0!														0			0	0						0	#DIV/0!	0	0	0	0	0	0	0	0	0	0	0	0	0	0
R264		0.03	0.02	0.046	1	1				#DIV/0!														0			0	0						0	#DIV/0!	0	0	0	0	0	0	0	0	0	0	0	0	0	0
R265		0.03	0.02	0.046	1	1				#DIV/0!														0			0	0						0	#DIV/0!	0	0	0	0	0	0	0	0	0	0	0	0	0	0
R266		0.03	0.02	0.046	1	1				#DIV/0!														0			0	0						0	#DIV/0!	0	0	0	0	0	0	0	0	0	0	0	0	0	0
R267		0.03	0.02	0.046	1	1				#DIV/0!														0			0	0						0	#DIV/0!	0	0	0	0	0	0	0	0	0	0	0	0	0	0
R268		0.03	0.02	0.046	1	1				#DIV/0!														0			0	0						0	#DIV/0!	0	0	0	0	0	0	0	0	0	0	0	0	0	0
R269		0.03	0.02	0.046	1	1				#DIV/0!														0			0	0						0	#DIV/0!	0	0	0	0	0	0	0	0	0	0	0	0	0	0
R270		0.03	0.02	0.046	1	1				#DIV/0!														0			0	0						0	#DIV/0!	0	0	0	0	0	0	0	0	0	0	0	0	0	0
R271		0.03	0.02	0.046	1	1				#DIV/0!														0			0	0						0	#DIV/0!	0	0	0	0	0	0	0	0	0	0	0	0	0	0
R272		0.03	0.02	0.046	1	1				#DIV/0!														0			0	0						0	#DIV/0!	0	0	0	0	0	0	0	0	0	0	0	0	0	0
R273		0.03	0.02	0.046	1	1				#DIV/0!														0			0	0						0	#DIV/0!	0	0	0	0	0	0	0	0	0	0	0	0	0	0
R274		0.03	0.02	0.046	1	1				#DIV/0!														0			0	0						0	#DIV/0!	0	0	0	0	0	0	0	0	0	0	0	0	0	0
R275		0.03	0.02	0.046	1	1				#DIV/0!														0			0	0						0	#DIV/0!	0	0	0	0	0	0	0	0	0	0	0	0	0	0
R276		0.03	0.02	0.046	1	1				#DIV/0!														0			0	0						0	#DIV/0!	0	0	0	0	0	0	0	0	0	0	0	0	0	0
R278							окна																													4	4				18281.9364	11530.002	5961.501	2	445542	285180	54330	18281.9364	11530.002
R279		0.03	0.015	0.03	1	1	уже обращался		7617	0.7	Денис	Оля	191-56	45313	45332	Иванцов А.А.	65447		10882					65447			10882	76329	76329					0	0	0	0	0	0	0	0	0	0	0	0	0	0	0	0
R280		0.03	0.015	0.03	1	1				#DIV/0!			191-57											0			0	0						0	#DIV/0!	0	0	0	0	0	0	0	0	0	0	0	0	0	0
R281		0.03	0.015	0.03	1	1				#DIV/0!			191-58											0			0	0						0	#DIV/0!	0	0	0	0	0	0	0	0	0	0	0	0	0	0
R282			0.015	0.03		1	по рекомендации		9240	0.7	Денис	Оля	192-59	45315	45324	Сотникова Е.А.	84051		13200					84051			13200	97251	97251					0	0	0	0	0	0	0	0	0	0	0	0	0	0	0	0
R283		0.03	0.015	0.03	1	1			4330	0.7155	Денис	Оля	191-60	45351	45461	Тымчишин С.В.	30198		6052					30198			6052	36250	36250					0	0	0	0	0	0	0	0	0	0	0	0	0	0	0	0
R284		0.03	0.015	0.03	1	1	уже обращался		5860	0.83	Денис	Оля	191-61	45356	45366	Удовиченко Е.А.	44040		7060					44040			7060	51100	51100					0	0	0	0	0	0	0	0	0	0	0	0	0	0	0	0
R285		0.03	0.015	0.03	1	1	уже обращался		7550	0.8852	Денис	Оля	191-62	45378	45385	Удовиченко Е.А.	8896		8529					8896			8529	17425	17425					0	0	0	0	0	0	0	0	0	0	0	0	0	0	0	0
R286		0.03	0.015	0.03	2	1	по рекомендации		4180	0.7207	Денис П.	Оля	194-63	45385	45393	Новиков А.В.	62185		5800					62185			5800	67985	67985					0	0	0	0	0	0	0	0	0	0	0	0	0	0	0	0
R287		0.03	0.015	0.03	1	1	уже обращался		15000	0.5157	Денис	Оля	191-64	45434	45453	Таболкина Р.А.	152778		29084					152778			29084	181862	181862					0	0	0	0	0	0	0	0	0	0	0	0	0	0	0	0
R288		0.03	0.015	0.03	1	1				0	Денис	Оля	191-65	45460		Коновалова Н.К.	4385		3300					4385			3300	7685	7685					0	0	0	0	0	0	0	0	0	0	0	0	0	0	0	0
R289		0.03	0.015	0.03	1	1	интернет		5420	0.7094	Денис	Оля	191-66	45516	45536	Хайруллин С.А.	15255		7640					15255			7640	22895	22895					0	0	0	0	0	0	0	0	0	0	0	0	0	0	0	0
R290		0.03	0.015	0.03	1	1			3650	0.7371	Денис	Людмила	191-67	45516	45527	Мухоротов А.В.	27548		4952					27548			4952	32500	32500					0	0	0	0	0	0	0	0	0	0	0	0	0	0	0	0
R291		0.03	0.015	0.03	1	1			5240	0.7325	Денис	Оля	191-68	45517	45538	Сорока И.Ю.	35100		7154					35100			7154	42254	42254					0	0	0	0	0	0	0	0	0	0	0	0	0	0	0	0
R292		0.03	0.015	0.03	1	1				#DIV/0!			191-69											0			0	0						0	#DIV/0!	0	0	0	0	0	0	0	0	0	0	0	0	0	0
R293		0.03	0.015	0.03	1	1			3650	0.7371	Денис	Оля	191-70	45517	45541	Худякова Г.Ф.	26325		4952					26325			4952	31277	25000	6277				0	0	0	0	0	0	0	0	0	0	0	0	0	0	0	0
R294		0.03	0.015	0.03	1	1			5420	5.42	Денис	Людмила	191-71	45521	45595	Таболкина Р.А.	40600		1000					40600			1000	41600	41600					0	0	0	0	0	0	0	0	0	0	0	0	0	0	0	0
R295		0.03	0.015	0.03	1	1			7026	0.7286	Денис	Людмила	191-72	45526	45595	Таболкина Р.А.	60900		9643					60900			9643	70543	70543					0	0	0	0	0	0	0	0	0	0	0	0	0	0	0	0
R296		0.03	0.015	0.03	1	1	по рекомендации		5630	0.6999	Денис	Оля	191-73	45530	45546	Высуковских В.В.	37125		8044					37125			8044	45169	45169					0	0	0	0	0	0	0	0	0	0	0	0	0	0	0	0
R297		0.03	0.015	0.03	1	1				#DIV/0!			191-74											0			0	0						0	#DIV/0!	0	0	0	0	0	0	0	0	0	0	0	0	0	0
R298		0.03	0.015	0.03	1	1			12670	0.7	Денис	Оля	191-75	45558	45574	Афанасова Л.В.	138967		18100					138967			18100	157067	157067					0	0	0	0	0	0	0	0	0	0	0	0	0	0	0	0
R299		0.03	0.015	0.03	1	1			6100	0.7735	Денис	Оля	191-76	45598	45608	Макеенко А.А.	36450		7886					36450			7886	44336	44336					0	0	0	0	0	0	0	0	0	0	0	0	0	0	0	0
R300		0.03	0.015	0.03	1	1			8400	0.7038	Денис	Оля	191-77	45610	45617	Неверович А.В.	16997		11935					16997			11935	28932	28932					0	0	0	0	0	0	0	0	0	0	0	0	0	0	0	0
R301		0.03	0.015	0.03	1	1			4300	0.377	Денис	Оля	191-78	45610	45617	Макеенко А.А.	28707		11406					28707			11406	40113	40113					0	0	0	0	0	0	0	0	0	0	0	0	0	0	0	0
R302		0.03	0.015	0.03	1	1			5500	0.7012	Денис	Оля	191-79	45638	45647	Мухортов А.В.	46061		7844					46061			7844	53905	53905					0	0	0	0	0	0	0	0	0	0	0	0	0	0	0	0
R303		0.03	0.015	0.05	1	1	наружка		18270	0.6637	Денис	Оля	191-80	45728	45737	Тысько Е.П.	101923		27527					101923			27527	129450	129450					0	0	0	0	0	0	0	0	0	0	0	0	0	0	0	0
R304		0.03	0.015	0.05	1	1	уже обращался		7070	0.7	Денис	Оля	191-81	45729	45750	Пономаренко Е.С.	26400		10100					26400			10100	36500	36500					0	0	0	0	0	0	0	0	0	0	0	0	0	0	0	0
R305		0.03	0.015	0.05	4	1			4060	0.7224	Денис П	Оля	194-82	45745	45751	Новиква А.В.	35980		5620					35980			5620	41600	41600					0	0	0	0	0	0	0	0	0	0	0	0	0	0	0	0
R306		0.03	0.015	0.05	1	1				#DIV/0!	Денис	Оля	191-83	45739		Шилова Е.А.	7000							7000			0	7000	7000					0	0	0	0	0	0	0	0	0	0	0	0	0	0	0	0
R307		0.03	0.015	0.05	1	1			4830	0.7102		Оля	191-84	45805		Большакова Е.В.	29715		6801					29715			6801	36516	36516					0	0	0	0	0	0	0	0	0	0	0	0	0	0	0	0
R308		0.03	0.015	0.05	1	1			15300	0.7019	Денис	Алёна	191-85	45831	45839	Зубрина В.Н.	151906		21799					151906			21799	173705	173705					0	0	0	0	0	0	0	0	0	0	0	0	0	0	0	0
R309		0.03	0.015	0.05	1	1			4000	0.7112		Оля	191-86	45884	45900	Хохлова Н.М.	6107		5624					6107			5624	11731	11731					0	0	0	0	0	0	0	0	0	0	0	0	0	0	0	0
R310		0.03	0.015	0.05	1	1				#DIV/0!		Оля	191-87	45884	45894	ИП Цабадзе Д.Г.	27245							27245			0	27245	27245					0	0	0	0	0	0	0	0	0	0	0	0	0	0	0	0
R311		0.03	0.015	0.05	1	1				0		Оля	191-88	45887		Щаникова О.Н.	6140		3000					6140			3000	9140	9140					0	0	0	0	0	0	0	0	0	0	0	0	0	0	0	0
R312		0.03	0.015	0.05	1	1			11300	0.6986	Денис	Оля	191-89	45895	45905	Гущин Д.Ю.	67200		16176					67200			16176	83376	83376					0	0	0	0	0	0	0	0	0	0	0	0	0	0	0	0
R313		0.03	0.015	0.05	1	1			11000	0.6962	Денис	Оля	191-90	45908	45908	Кузнецова А.С.	12380		15799					12380			15799	28179	28179					0	0	0	0	0	0	0	0	0	0	0	0	0	0	0	0
R314		0.03	0.015	0.05	1	1			5900	0.6999	Денис	Оля	191-91	45908	45917	Серых А.А.	42826		8430					42826			8430	51256	51256					0	0	0	0	0	0	0	0	0	0	0	0	0	0	0	0
R315		0.03	0.015	0.05	1	1			31000	0.6986	Денис	Оля	191-92	45910	45932	Перец А.И.	134084		44377					134084			44377	178461	125000	53461				0	0	0	0	0	0	0	0	0	0	0	0	0	0	0	0
R316		0.03	0.015	0.05	1	1			6500	0.6919	Денис	Оля	191-93	45910	45927	Мишина М.В.	30992		9394	-600	45986			30392			9394	39786	40386	-600				0	0	0	0	0	0	0	0	0	0	0	0	0	0	0	0
R317		0.03	0.015	0.05	1	1			20500	0.6944	Денис	Оля	191-94	45916	45953	Новиков Д.С.	102017		29523					102017			29523	131540	131540					0	0	0	0	0	0	0	0	0	0	0	0	0	0	0	0
R318		0.03	0.015	0.05	1	1			11100	0.6972	Денис	Оля	191-95	45929	45951	Щанникова О.Н.	45813		15920					45813			15920	61733	61733					0	0	0	0	0	0	0	0	0	0	0	0	0	0	0	0
R319		0.03	0.015	0.05	1	1			7400	0.4334	Денис	Оля	191-96	45938	45959	ООО Победит	48144		17075					48144			17075	65219	48144	17075				0	0	0	0	0	0	0	0	0	0	0	0	0	0	0	0
R320		0.03	0.015	0.05	1	1				0	Денис	Оля	191-97	45953	45968	Терещенко М.А.	61744		17371					61744			17371	79115	79115					0	0	0	0	0	0	0	0	0	0	0	0	0	0	0	0
R321		0.03	0.015	0.05	1	1			10900	0.2218	Денис	Оля	191-98	45959	45976	Щаникова О.Н.	15520		49138					15520			49138	64658	64658					0	0	0	0	0	0	0	0	0	0	0	0	0	0	0	0
R322		0.03	0.015	0.05	1	1				0	Денис	Оля	191-99	45971	45973	Яковлева И.А.	5760		7500					5760			7500	13260	13260					0	0	0	0	0	0	0	0	0	0	0	0	0	0	0	0
R323		0.03	0.015	0.05	1	1			7250	0.709	Денис	Оля	191-100	45972	45988	Сивкова В.П.	64549		10226					64549			10226	74775	74775					0	0	0	0	0	0	0	0	0	0	0	0	0	0	0	0
R324		0.03	0.015	0.05	1	1			6000	0.7117	Денис	Оля	191-101	45971	45980	Серых А.А.	43436		8430					43436			8430	51866	51866					0	0	0	0	0	0	0	0	0	0	0	0	0	0	0	0
R325		0.03	0.015	0.05	1	1			4750	0.7188	Олег	Оля	191-102	45974	45985	Яковлева И.А.	31220		6608					31220			6608	37828	37828					0	0	0	0	0	0	0	0	0	0	0	0	0	0	0	0
R326		0.03	0.015	0.046	1	1			8400	0.6774	Денис	Оля	191-103	46044	46062	Сивкова В.П.	66412		12400					66412			12400	78812	78812					0	0	0	0	0	0	0	0	0	0	0	0	0	0	0	0
R327		0.03	0.015	0.046	1	1			16800	0.6211	Денис	Оля	191-104	46081	46093	Малышкин А.Н.	93135		27050					93135			27050	120185	120185					0	0	0	0	0	0	0	0	0	0	0	0	0	0	0	0
R328		0.03	0.015	0.046	1	1			20000	0.6761	Денис	Оля	191-105	46107	46122	Прокопенко В.Л.	99487		29580					99487			29580	129067	129067					0	0	0	0	0	0	0	0	0	0	0	0	0	0	0	0
R329		0.03	0.015	0.046	1	1			3500	0.7	Денис	Оля	191-106	46127	46137	Курилин А.А.	9593		5000					9593			5000	14593	14593					0	0	0	0	0	0	0	0	0	0	0	0	0	0	0	0
R330		0.03	0.015	0.046	1	1			7280	0.6842	Денис	Оля	191-107	46149	46165	Севрюгин С.В.	27455		10640					27455			10640	38095	38095					0	0	0	0	0	0	0	0	0	0	0	0	0	0	0	0
R331		0.03	0.015	0.046	1	1				#DIV/0!			191-108											0			0	0						0	#DIV/0!	0	0	0	0	0	0	0	0	0	0	0	0	0	0
R332		0.03	0.015	0.046	1	1			5530	0.6794	Денис	Оля	191-109	46169	46195	Зуева М.Ю.	14261		8140					14261			8140	22401	22401					0	0	0	0	0	0	0	0	0	0	0	0	0	0	0	0
R333		0.03	0.015	0.046	1	1			23170	0.6393	Денис	Оля	191-110	46172	46191	Молодцова Т.Е.	145160		36240					145160			36240	181400	181400					0	0	0	0	0	0	0	0	0	0	0	0	0	0	0	0
R334		0.03	0.015	0.046	1	1			3850	0.7	Денис	Оля	191-111	46193	46196	Михайлова Т.В.	5385		5500					5385			5500	10885	10885					0	0	0	0	0	0	0	0	0	0	0	0	0	0	0	0
R335		0.03	0.015	0.046	1	1			3850	0.7	Денис	Оля	191-112	46193	46195	Зуева М.Ю.	5385		5500					5385			5500	10885	10885					0	0	0	0	0	0	0	0	0	0	0	0	0	0	0	0
R336		0.03	0.015	0.046	1	1			24430	0.6799	Денис	Оля	191-113	46203	46213	Ткач Д.В.	147140		35930					147140			35930	183070	40000	90000	53070			0	0	0	0	0	0	0	0	0	0	0	0	0	0	0	0
R337		0.03	0.015	0.046	1	1			5110	#DIV/0!	Денис	Оля	191-114	46224	46233	Пысова И.А.	16682							16682			0	16682	16682					0	0	0	0	0	0	0	0	0	0	0	0	0	0	0	0
R338		0.03	0.015	0.046	1	1			2500	0.625	Денис	Денис	191-115	46254	46263	Янцевич М.В.	11230		4000					11230			4000	15230	15230					0	0	0	0	0	0	0	0	0	0	0	0	0	0	0	0
R339		0.03	0.015	0.046	1	1			20000	0.6349	Денис	Оля	191-116	46262	46277	Одоева О.В.	101000		31500					101000			31500	132500	132500					0	0	0	1828.5	0	0	0	1828.5	1192.5	596.25	0	0	132500	0	1828.5	1192.5
R340		0.03	0.015	0.046	1	1			13100	0.6859	Денис	Оля	191-117	46262	46277	Одоева О.В.	79250		19100					79250			19100	98350	98350					0	0	0	1357.23	0	0	0	1357.23	885.15	442.575	0	0	98350	0	1357.23	885.15
R341		0.03	0.015	0.046	1	1			5600	0.6829	Денис	Оля	191-118	46269	46294	Ларионова Н.А.	33030		8200					33030			8200	41230	41230					0	0	1327.606	568.974	0	0	0	1896.58	1236.9	618.45	1	41230	41230	41230	1896.58	1236.9
R342		0.03	0.015	0.046	1	1			27800	0.679	Денис	Оля	191-119	46270	46297	Щеблова Н.В.	134014		40940					134014			40940	174954	174954					0	0	5633.5188	0	0	0	0	5633.5188	3674.034	1837.017	0	174954	0	0	5633.5188	3674.034
R343			0.015	0.046		1				#DIV/0!		Оля	19-120	46284	46284	Меньков В.С.	13100							13100			0	13100	13100					0	0	421.82	180.78	0	0	0	602.6	0	196.5	1	13100	13100	13100	602.6	0
R344		0.03	0.015	0.046	1	1				0	Денис	Оля	19/3/2о-1	46287		Домбровский К. 	162895		53363					162895			53363	216258	200000					16258	0.0752	6963.5076	0	0	0	0	6963.5076	4541.418	2270.709	0	216258	0	0	6963.5076	4541.418
R345		0.03	0.015	0.046	1	1				#DIV/0!														0			0	0						0	#DIV/0!	0	0	0	0	0	0	0	0	0	0	0	0	0	0
R346		0.03	0.015	0.046	1	1				#DIV/0!														0			0	0						0	#DIV/0!	0	0	0	0	0	0	0	0	0	0	0	0	0	0
R347		0.03	0.015	0.046	1	1				#DIV/0!														0			0	0						0	#DIV/0!	0	0	0	0	0	0	0	0	0	0	0	0	0	0
R348		0.03	0.015	0.046	1	1				#DIV/0!														0			0	0						0	#DIV/0!	0	0	0	0	0	0	0	0	0	0	0	0	0	0
R349		0.03	0.015	0.046	1	1				#DIV/0!														0			0	0						0	#DIV/0!	0	0	0	0	0	0	0	0	0	0	0	0	0	0
R350		0.03	0.015	0.046	1	1				#DIV/0!														0			0	0						0	#DIV/0!	0	0	0	0	0	0	0	0	0	0	0	0	0	0
R351		0.03	0.015	0.046	1	1				#DIV/0!														0			0	0						0	#DIV/0!	0	0	0	0	0	0	0	0	0	0	0	0	0	0
R352		0.03	0.015	0.046	1	1				#DIV/0!														0			0	0						0	#DIV/0!	0	0	0	0	0	0	0	0	0	0	0	0	0	0
R353		0.03	0.015	0.046	1	1				#DIV/0!														0			0	0						0	#DIV/0!	0	0	0	0	0	0	0	0	0	0	0	0	0	0
R354		0.03	0.015	0.046	1	1				#DIV/0!														0			0	0						0	#DIV/0!	0	0	0	0	0	0	0	0	0	0	0	0	0	0
R355		0.03	0.015	0.046	1	1				#DIV/0!														0			0	0						0	#DIV/0!	0	0	0	0	0	0	0	0	0	0	0	0	0	0
R356		0.03	0.015	0.046	1	1				#DIV/0!														0			0	0						0	#DIV/0!	0	0	0	0	0	0	0	0	0	0	0	0	0	0
R358							жалюзи																													0	0				0	---	0	0	0	0	0	0	--
R359			0.02	0.03		1	уже обращался					Оля	19ж-17	45327	45341	Проскуряков М.В.	17025		4000					17025			4000	21025	21025					0	0	0	0	0	0	0	0	0	0	0	0	0	0	0	--
R360			0.02	0.03		1						Оля	19ж-18	45619	45635	Фомина Н.В.	21326		2000					21326			2000	23326	23326					0	0	0	0	0	0	0	0	0	0	0	0	0	0	0	--
R361			0.02	0.05		1						Оля	19ж-19	45821	45835	Пономаренко Е.С.	15400		2000					15400			2000	17400	17400					0	0	0	0	0	0	0	0	0	0	0	0	0	0	0	--
R362			0.02	0.05		1						Оля	19ж-20	45979		Терещенко М.А.	20317		3000					20317			3000	23317	23317					0	0	0	0	0	0	0	0	0	0	0	0	0	0	0	--
R363			0.02	0.05		1						Оля	19ж-21	45981		Трипонова Т.Н.	18248		4000					18248			4000	22248	22248					0	0	0	0	0	0	0	0	0	0	0	0	0	0	0	--
R364			0.02	0.046		1						Оля	19ж-22	46127	46140	Дубкова И.Н.	17447		3000					17447			3000	20447	20447					0	0	0	0	0	0	0	0	0	0	0	0	0	0	0	--
R365			0.02	0.046		1			2000			Оля	194ж-50	46193	46211	Молодцова Т.Е.	17703		3000					17703			3000	20703	20703					0	0	0	0	0	0	0	0	0	0	0	0	0	0	0	--
R366			0.02	0.046		1																		0			0	0						0	#DIV/0!	0	0	0	0	0	0	0	0	0	0	0	0	0	--
R367			0.02	0.046		1																		0			0	0						0	#DIV/0!	0	0	0	0	0	0	0	0	0	0	0	0	0	--
R368			0.02	0.046		1																		0			0	0						0	#DIV/0!	0	0	0	0	0	0	0	0	0	0	0	0	0	--
R369			0.02	0.046		1																		0			0	0						0	#DIV/0!	0	0	0	0	0	0	0	0	0	0	0	0	0	--
R370			0.02	0.046		1																		0			0	0						0	#DIV/0!	0	0	0	0	0	0	0	0	0	0	0	0	0	--
R371			0.02	0.046		1																		0			0	0						0	#DIV/0!	0	0	0	0	0	0	0	0	0	0	0	0	0	--
R372			0.02	0.046		1																		0			0	0						0	#DIV/0!	0	0	0	0	0	0	0	0	0	0	0	0	0	--
R373			0.02	0.046		1																		0			0	0						0	#DIV/0!	0	0	0	0	0	0	0	0	0	0	0	0	0	--