=== SHEET: 77о | mode: values | actual: A1:AV371 ===
R1																																									двери+потолки:	4127.408
R2																																									окна:	8312.445
R3																																									жалюзи:	0
R4																																								34984.5364	22816.002	12439.853				2	0	0
R5												период:	46266	46295					дс1 изделия		дс2 изделия			дс монтаж											4	1				4626.2476	3017.118	2011.412				1	34984.5364	22816.002
R6		% зам	% ВС	% мен	зам	м	Ист-ик	З/п монтаж		замерщик	Менеджер	№ договора	Дата заключения	Дата закрытия	ФИО заказчика	Ст-ть изделия перв-ная	Свет	Ст-ть монтажа перв-ная	сумма	дата	сумма	дата	итого стоимость изделий	сумма	дата	итого стоимость работ	Общая итоговая стоимость	Оплата1	Оплата2	Оплата3	Оплата4	Оплата5	Остаток	% остатка	0.7	0.3	зп за дс1	зп за дс2	зп за дс3	З/п менеджер	Зам.	ВС	0	118753	58145	0	4626.2476	3017.118
R7		0.03	0.02	0.03	1	1		6550	0.946	Денис		771д-74	45303	45309	Крамаренко А.Ю.	23900		6924					23900			6924	30824	30824					0	0	0	0	0	0	0	0	0	0	0	0	0	0	0	0
R8		0.03	0.02	0.03	1	1	наружка	17270	0.7346	Денис	Люда	771д-75	45312	45323	Русакова Л.Л.	59737		23508					59737			23508	83245	83245					0	0	0	0	0	0	0	0	0	0	0	0	0	0	0	0
R9		0.03	0.02	0.03	1	1	по рекомендации	41110	0.7183	Денис	Люда	771д-76	45317	45357	Колоскова Е.Л.	80560		57232					80560			57232	137792	137792					0	0	0	0	0	0	0	0	0	0	0	0	0	0	0	0
R10		0.03	0.02	0.03	1	1	интернет	9570	0.7395	Денис	Люда	771д-77	45343	45351	Гришков Н.В.	37050		12941					37050			12941	49991	49991					0	0	0	0	0	0	0	0	0	0	0	0	0	0	0	0
R11		0.03	0.02	0.03	1	1			#DIV/0!			771д-78											0			0	0						0	#DIV/0!	0	0	0	0	0	0	0	0	0	0	0	0	0	0
R12		0.03	0.02	0.03	1	1	наружка		#DIV/0!	Денис	Люда	771д-79	45370	45370	Сергиенко Г.Н.	27450							27450			0	27450	27450					0	0	0	0	0	0	0	0	0	0	0	0	0	0	0	0
R13		0.03	0.02	0.03	1	1	интернет	18640	0.7208	Денис	Люда	771д-80	45378	45385	Захарьина О.В.	31465		25861					31465			25861	57326	57326					0	0	0	0	0	0	0	0	0	0	0	0	0	0	0	0
R14		0.03	0.02	0.03	1	1	наружка	5220	0.5774	Денис	Люда	771д-81	45399	45409	Старостин А.И.	13180		9040	-2730	45409			10450			9040	19490	22220	-2730				0	0	0	0	0	0	0	0	0	0	0	0	0	0	0	0
R15		0.03	0.02	0.03	1	1	интернет	8000	0.6338	Денис	Люда	771д-82	45405	45410	Соболев С.А.	20160		12622					20160			12622	32782	32782					0	0	0	0	0	0	0	0	0	0	0	0	0	0	0	0
R16		0.03	0.02	0.03	1	1	уже обращался	3175	0.7411	Денис	Люда	771д-83		45425	Новикова Е.М.			4284					0	230	45426	4514	4514	230	4284				0	0	0	0	0	0	0	0	0	0	0	0	0	0	0	0
R17		0.03	0.02	0.03	1	1	интернет	6450	0.6978	Денис	Люда	771д-84	45434	45441	Михайлов С.А.	43900		9243					43900			9243	53143	53143					0	0	0	0	0	0	0	0	0	0	0	0	0	0	0	0
R18		0.03	0.02	0.03	1	1	уже обращался	3970	0.7009	Денис	Люда	771д-81(85)	45437	45451	Крупина Н.О.	10159		5664					10159			5664	15823	15823					0	0	0	0	0	0	0	0	0	0	0	0	0	0	0	0
R19		0.03	0.02	0.03	1	1	наружка	5560	0.7006	Денис	Люда	771д-86	45447	45449	Рублева Л.Г.	37800		7936					37800			7936	45736	45736					0	0	0	0	0	0	0	0	0	0	0	0	0	0	0	0
R20		0.03	0.02	0.03	1	1	интернет	7760	0.6907	Денис	Люда	771д-87	45457	45453	Поляков М.Г.	29250		11235					29250			11235	40485	40485					0	0	0	0	0	0	0	0	0	0	0	0	0	0	0	0
R21		0.03	0.02	0.03	1	1	уже обращался	4450	0.6963	Денис	Оля	771д-88	45463	45481	Семенов Н.М.	15075		6391					15075			6391	21466	21466					0	0	0	0	0	0	0	0	0	0	0	0	0	0	0	0
R22		0.03	0.02	0.03	1	1	наружка	4760	0.713	Денис	Люда	771д-89	45468	45472	Аристов С.В.			6676					0			6676	6676	6676					0	0	0	0	0	0	0	0	0	0	0	0	0	0	0	0
R23		0.03	0.02	0.03	1	1	наружка	5540	0.7172	Денис	Люда	771д-90	45468	45469	Инчина С.В.	24900		7724					24900			7724	32624	32624					0	0	0	0	0	0	0	0	0	0	0	0	0	0	0	0
R24		0.03	0.02	0.03	1	1	яндекс	13860	0.71	Денис	Оля	771д-91	45479	45489	Бурдин А.А.	26860		19522					26860			19522	46382	46382					0	0	0	0	0	0	0	0	0	0	0	0	0	0	0	0
R25		0.03	0.02	0.03	4	1		6850	0.7112	Денис П.	Оля	774д-92	45497	45499	Дроздова С.Н.	31900		9631					31900			9631	41531	41531					0	0	0	0	0	0	0	0	0	0	0	0	0	0	0	0
R26		0.03	0.02	0.03	1	1			#DIV/0!			93	нет договора										0			0	0						0	#DIV/0!	0	0	0	0	0	0	0	0	0	0	0	0	0	0
R27		0.03	0.02	0.03	1	1			#DIV/0!			94	нет договора										0			0	0						0	#DIV/0!	0	0	0	0	0	0	0	0	0	0	0	0	0	0
R28		0.03	0.02	0.03	1	1			#DIV/0!			95	нет договора										0			0	0						0	#DIV/0!	0	0	0	0	0	0	0	0	0	0	0	0	0	0
R29		0.03	0.02	0.03	1	1			#DIV/0!			96	нет договора										0			0	0						0	#DIV/0!	0	0	0	0	0	0	0	0	0	0	0	0	0	0
R30		0.03	0.02	0.03	1	1			#DIV/0!			97	нет договора										0			0	0						0	#DIV/0!	0	0	0	0	0	0	0	0	0	0	0	0	0	0
R31		0.03	0.02	0.03	1	1	наружка	7470	0.698	Денис	Людмила	771д-98	45516	45523	Лисневский В.Н.	24956		10702	-552	45526			24404			10702	35106	35658	-552				0	0	0	0	0	0	0	0	0	0	0	0	0	0	0	0
R32		0.03	0.02	0.03	1	1		26570	0.7567	Денис	Людмила	771д-99	45526	45588	Скрипка Л.И.	71840		35114	2000	45596			73840	2880	45616	37994	111834	106954	2000	2880			0	0	0	0	0	0	0	0	0	0	0	0	0	0	0	0
R33		0.03	0.02	0.03	1	1			#DIV/0!	Денис	Людмила	771д-100	45539	45545	Хомяков А.С.	67575							67575			0	67575	67575					0	0	0	0	0	0	0	0	0	0	0	0	0	0	0	0
R34		0.03	0.02	0.03	1	1		14820	0.6798	Денис	Людмила	771д-101	45556	45562	Турчина Т.В.	20270		21800	-1225	45566			19045			21800	40845	40678	167				0	0	0	0	0	0	0	0	0	0	0	0	0	0	0	0
R35		0.03	0.02	0.03	1	1		30690	0.7077	Денис	Людмила	771д-102	45555	45561	Колонтай В.С.	65340		43368					65340			43368	108708	108708					0	0	0	0	0	0	0	0	0	0	0	0	0	0	0	0
R36		0.03	0.02	0.03	1	1	уже обращался	3500	0.9655	Денис	Людмила	771д-103	45553	45563	Воронкова Е.А.			3625					0	1825	45554	5450	5450	3625	1825				0	0	0	0	0	0	0	0	0	0	0	0	0	0	0	0
R37		0.03	0.02	0.03	1	1		22890	0.7154	Денис	Людмила	771д-104	45562	45580	Яшкова И.Ю.	28410		31998					28410			31998	60408	60408					0	0	0	0	0	0	0	0	0	0	0	0	0	0	0	0
R38		0.03	0.02	0.03	1	1	наружка	6750	0.839	Денис	Людмила	771д-105	45562	45566	Гусарова С.В.	9590		8045					12310	2720	45566	10765	23075	17634	2720				2721	0.1179	0	0	0	0	0	0	0	0	0	0	0	0	0	0
R39		0.03	0.02	0.03	1	1	наружка	5600	0.7313	Денис	Людмила	771д-106	45574	45594	Михайлова Н.И.	11215		7658	400	45586	-750	45596	10865			7658	18523	18873	400	-750			0	0	0	0	0	0	0	0	0	0	0	0	0	0	0	0
R40		0.03	0.02	0.03	1	1	по рекомендации	6030	0.7002	Денис	Людмила	771д-107	45576	45587	Сильченко А.В.	9625		8612					9625			8612	18237	18237					0	0	0	0	0	0	0	0	0	0	0	0	0	0	0	0
R41		0.03	0.02	0.03	1	1	уже обращался	22870	0.7229	Денис	Людмила	771д-108	45589	45599	Велимович И.С.	29340		31636					29340			31636	60976	976	60000				0	0	0	0	0	0	0	0	0	0	0	0	0	0	0	0
R42		0.03	0.02	0.03	1	1	уже обращался	15500	0.6916	Денис	Людмила	771д-109	45615	45618	Крупорницкий Д.А.			22413					0			22413	22413	22413					0	0	0	0	0	0	0	0	0	0	0	0	0	0	0	0
R43		0.03	0.02	0.03	1	1	уже обращался	5120	0.6995	Денис	Людмила	771д-110	45603	45605	Савичев П.А.	12900		7320					12900			7320	20220	20220					0	0	0	0	0	0	0	0	0	0	0	0	0	0	0	0
R44		0.03	0.02	0.03	1	1	интернет	16000	0.8356	Денис	Людмила	771д-111	45624	45630	Бурцев М.А.	46100		19148					46100	3000	45632	22148	68248	65248	3000				0	0	0	0	0	0	0	0	0	0	0	0	0	0	0	0
R45		0.03	0.02	0.03	1	1	уже обращался	9350	0.6972	Денис	Людмила	771д-112	45625	45633	Голина Н.Г.	7350		13410					7350			13410	20760	20760					0	0	0	0	0	0	0	0	0	0	0	0	0	0	0	0
R46		0.03	0.02	0.03	1	1	уже обращался	16870	0.6883	Денис	Людмила	771д-113	45635	45647	Любимова М.И.			24510					0			24510	24510	24510					0	0	0	0	0	0	0	0	0	0	0	0	0	0	0	0
R47		0.03	0.02	0.03	1	1			#DIV/0!			771д-114											0			0	0						0	#DIV/0!	0	0	0	0	0	0	0	0	0	0	0	0	0	0
R48		0.03	0.02	0.03	1	1		19070	0.6849	Денис	Лена	771д-115	45642	45650	Евченко К.В.	51020		27844	-284	45645			50736	-600	45653	27244	77980	51000	27580	-600			0	0	0	0	0	0	0	0	0	0	0	0	0	0	0	0
R49		0.03	0.02	0.03	1	1		4950	0.6992		Лена	771д-116	45651	45654	Макаров Д.С.	42400		7080					42400			7080	49480	49480					0	0	0	0	0	0	0	0	0	0	0	0	0	0	0	0
R50		0.03	0.02	0.04	1	1		6100	0.6959	Денис		771д-117	45668	45674	Боженова Т.А.	30900		8766					30900			8766	39666	39666					0	0	0	0	0	0	0	0	0	0	0	0	0	0	0	0
R51		0.03	0.02	0.04	4	1		5470	0.7197	Денис П.		774д-118	45672	45682	Сидорома Л.П.	24900		7600					24900			7600	32500	32500					0	0	0	0	0	0	0	0	0	0	0	0	0	0	0	0
R52		0.03	0.02	0.04	1	1		6050	0.6976	Денис	Алёна	771д-119	45691	45691	Колосюк Л.П.	7680		8673					7680			8673	16353	5000	11353				0	0	0	0	0	0	0	0	0	0	0	0	0	0	0	0
R53		0.03	0.02	0.05	1	1		16470	0.699	Денис	Алёна	771д-120	45702	45706	Макаров Д.С.	39430		23562					39430			23562	62992	62992					0	0	0	0	0	0	0	0	0	0	0	0	0	0	0	0
R54		0.03	0.02	0.05	1	1			#DIV/0!	Денис	Алёна	771д-121	45707		Китов А.Г.	13390							13390			0	13390	13390					0	0	0	0	0	0	0	0	0	0	0	0	0	0	0	0
R55		0.03	0.02	0.05	1	1			#DIV/0!	Денис	Алёна	771д-122	45735	45736	Турсен А.В. 	20500							20500			0	20500	20500					0	0	0	0	0	0	0	0	0	0	0	0	0	0	0	0
R56		0.03	0.02	0.05	1	1		4700	0.7006	Денис	Алёна	771д-123	45766	45768	Китов А.Г.			6709					0			6709	6709	6709					0	0	0	0	0	0	0	0	0	0	0	0	0	0	0	0
R57		0.03	0.02	0.05	1	1		9980	0.6915	Денис	Алёна	771д-124	45789	45816	Костяева Т.В.	13090		14433					13090			14433	27523	27522					1	0	0	0	0	0	0	0	0	0	0	0	0	0	0	0
R58		0.03	0.02	0.05	1	1		16340	0.6975		Алёна	771д-125	45793	45797	Курбатова Н.В.	32565		23426					32565			23426	55991	55991					0	0	0	0	0	0	0	0	0	0	0	0	0	0	0	0
R59		0.03	0.02	0.05	1	1		18450	0.7114		Алёна	771д-126	45799	45803	Велимович И.С.	17370		25935					17370			25935	43305	43305					0	0	0	0	0	0	0	0	0	0	0	0	0	0	0	0
R60		0.03	0.02	0.05	1	1		16450	0.7138	Денис	Алёна	774д-127	45854	45860	Молодыка А.А.	26700		23047	750	45854			27450			23047	50497	49747	750				0	0	0	0	0	0	0	0	0	0	0	0	0	0	0	0
R61		0.03	0.02	0.05	1	1		10700	0.6999	Денис	Алёна	771д-128	45829	45843	Белоусова М.А.			15288					0			15288	15288	15288					0	0	0	0	0	0	0	0	0	0	0	0	0	0	0	0
R62		0.03	0.02	0.05	1	1		9860	0.6988	Денис	Алёна	771д-129	45854	45857	Кравченко А.А.	11840		14109					11840			14109	25949	25948					1	0	0	0	0	0	0	0	0	0	0	0	0	0	0	0
R63		0.03	0.02	0.05	1	1		5400	0.6994	Денис	Алёна	771д-130	45860	45866	Переслегина Г.Б.	12340		7721					12340			7721	20061	20061					0	0	0	0	0	0	0	0	0	0	0	0	0	0	0	0
R64		0.03	0.02	0.05	1	1		16700	0.6988		Алёна	771д-131	45889	45897	Косарева Л.Д.	33555		23898					33555			23898	57453	57453					0	0	0	0	0	0	0	0	0	0	0	0	0	0	0	0
R65		0.03	0.02	0.05	1	1		9000	0.7197		Алёна	771д-132	45891	45895	Путистина О.В.	13360		12505					13360			12505	25865	25865					0	0	0	0	0	0	0	0	0	0	0	0	0	0	0	0
R66		0.03	0.02	0.05	1	1	интернет	10000	0.6985	Денис	Люда	771д-133	45909	45910	Карпова Е.А.	23300		14316					23300			14316	37616	37616					0	0	0	0	0	0	0	0	0	0	0	0	0	0	0	0
R67		0.03	0.02	0.05	1	1	уже обращался	3700	0.6349	Денис	Люда	771д-134	45959	45966	Леоненко В.В.	2550		5828					2550			5828	8378	8378					0	0	0	0	0	0	0	0	0	0	0	0	0	0	0	0
R68		0.03	0.02	0.05	1	1	уже обращался	28100	0.6968	Денис	Люда	771д-135	45968	45987	Белоусова М.А.	46015		40325					46015			40325	86340	86340					0	0	0	0	0	0	0	0	0	0	0	0	0	0	0	0
R69		0.03	0.02	0.05	1	1	интернет	13200	0.7006	Денис	Люда	771д-136	45989	46003	Глухановская С.А.	54650		18841					54650			18841	73491	73491					0	0	0	0	0	0	0	0	0	0	0	0	0	0	0	0
R70		0.03	0.02	0.05	1	1	уже обращался	7260	0.7		Люда	771д-137	45992	46003	Соколов В.В.	30800		10371					30800			10371	41171	41171					0	0	0	0	0	0	0	0	0	0	0	0	0	0	0	0
R71		0.03	0.02	0.05	1	1		12140	0.6999		Люда	771д-138	45992	45994	Бобрышев А.Л.	13585		17346					13585			17346	30931	30931					0	0	0	0	0	0	0	0	0	0	0	0	0	0	0	0
R72		0.03	0.02	0.05	1	1	интернет	11220	0.6955		Люда	771д-139	45993	45997	Фролова Е.А.	38500		16133					38500			16133	54633	54633					0	0	0	0	0	0	0	0	0	0	0	0	0	0	0	0
R73		0.03	0.02	0.05	1	1			#DIV/0!		Люда	771д-140	45996	45996	Доля Н.В.	6690							6690			0	6690	6690					0	0	0	0	0	0	0	0	0	0	0	0	0	0	0	0
R74		0.03	0.02	0.05	1	1	интернет		#DIV/0!		Люда	771д-141	46007	46007	Левицкий Е.А.	9180							9180			0	9180	9180					0	0	0	0	0	0	0	0	0	0	0	0	0	0	0	0
R75		0.03	0.02	0.046	1	1		10300	0.677	Денис	Люда	771д-142	46048	46057	Кузнецова Е.М.	42130		15214					42130			15214	57344	41000	17964				-1620	-0.0283	0	0	0	0	0	0	0	0	0	0	0	0	0	0
R76		0.03	0.02	0.05	1	1	интернет	10000	0.6859		Люда	771д-143	46018	46020	Свиридов А.В.	48500		14580					48500			14580	63080	63080					0	0	0	0	0	0	0	0	0	0	0	0	0	0	0	0
R77		0.03	0.02	0.046	1	1		4100	0.6998	Денис	Люда	771д-144	46058	46067	Колосюк Л.П.	2100		5859					2100			5859	7959	7959					0	0	0	0	0	0	0	0	0	0	0	0	0	0	0	0
R78		0.03	0.02	0.046	1	1	уже обращался	11560	0.8975	Денис	Люда	771д-145	46062	46065	Крупина Н.О.	29800		12880					29800	5025	46065	17905	47705	35000	5025	7680			0	0	0	0	0	0	0	0	0	0	0	0	0	0	0	0
R79		0.03	0.02	0.046	1	1	уже обращался	18350	0.6781	Денис	Люда	771д-146	46070	46079	Ачина Н.В.	35030		27060	2250	45713			37280			27060	64340	62090	2250				0	0	0	0	0	0	0	0	0	0	0	0	0	0	0	0
R80		0.03	0.02	0.046	1	1	интернет		#DIV/0!	Денис	Люда	771д-147	46063	46072	Пухова С.В.	68395			-13750	46072			54645			0	54645	68395	-13750				0	0	0	0	0	0	0	0	0	0	0	0	0	0	0	0
R81		0.03	0.02	0.046	1	1		16500	#DIV/0!	Денис	Люда	771д-148	46078	46082	ПродАльянс	54375							54375			0	54375	38063	16312				0	0	0	0	0	0	0	0	0	0	0	0	0	0	0	0
R82		0.03	0.02	0.046	1	1			#DIV/0!			771д-149											0			0	0						0	#DIV/0!	0	0	0	0	0	0	0	0	0	0	0	0	0	0
R83		0.03	0.02	0.046	1	1	листовки	7920	0.5234	Денис	Люда	771д-150	46078	46093	Койнова Ю.А.	36800		15131					36800	-3465	46105	11666	48466	51930	-3465				1	0	0	0	0	0	0	0	0	0	0	0	0	0	0	0
R84		0.03	0.02	0.046	1	1	уже обращался	18350	0.8599	Денис	Люда	771д-151	46080	46087	Лазаревская Н.И.	10450		21340					10450			21340	31790	31790					0	0	0	0	0	0	0	0	0	0	0	0	0	0	0	0
R85		0.03	0.02	0.046	1	1	наружка	11900	0.9077	Денис	Люда	771д-152	46086	46094	Курицына Л.И.	38900		13110					38900	4313	46086	17423	56323	37000	15010	4313			0	0	0	0	0	0	0	0	0	0	0	0	0	0	0	0
R86		0.03	0.02	0.046	1	1			#DIV/0!			771д-153											0			0	0						0	#DIV/0!	0	0	0	0	0	0	0	0	0	0	0	0	0	0
R87		0.03	0.02	0.046	1	1		11070	0.6755	Денис	Люда	771д-154	46126	46129	Елизарова О.ф.	23230		16388					23230			16388	39618	39618					0	0	0	0	0	0	0	0	0	0	0	0	0	0	0	0
R88		0.03	0.02	0.046	1	1			#DIV/0!			771д-155											0			0	0						0	#DIV/0!	0	0	0	0	0	0	0	0	0	0	0	0	0	0
R89		0.03	0.02	0.046	1	1	уже обращался	8270	0.678	Денис	Люда	771д-156	46141	46146	Печников А.А.			12198					0			12198	12198	12198					0	0	0	0	0	0	0	0	0	0	0	0	0	0	0	0
R90		0.03	0.02	0.046	1	1	наружка	16600	0.6793	Денис	Люда	771д-157	46156	46161	Воронская М.В.	49340		24438					49340			24438	73778	73778					0	0	0	0	0	0	0	0	0	0	0	0	0	0	0	0
R91		0.03	0.02	0.046	1	1		11300	0.6707	Денис	Оля	771д-158	46168	46224	Михайлов С.А.	20725		16848					20725			16848	37573	37573					0	0	0	0	0	0	0	0	0	0	0	0	0	0	0	0
R92		0.03	0.02	0.046	1	1		10500	0.6803	Денис	Оля	771д-159	46182	46186	Собакина М.К.	33975		15435					33975			15435	49410	49410					0	0	0	0	0	0	0	0	0	0	0	0	0	0	0	0
R93		0.03	0.02	0.046	1	1		4700	0.7015	Денис	Оля	771д-160	46189	46192	Жаравина Г.М.	900		6700					900			6700	7600	7600					0	0	0	0	0	0	0	0	0	0	0	0	0	0	0	0
R94		0.03	0.02	0.046	1	1		14700	0.6975	Денис	Оля	771д-161	46193	46201	Бегарук Т.М.	20570		21075					20570			21075	41645	41645					0	0	0	0	0	0	0	0	0	0	0	0	0	0	0	0
R95		0.03	0.02	0.046	1	1		15850	0.6849	Денис	Оля	771д-162	46198	46208	Лазаревская Н.Н.	19240		23141					19240			23141	42381	42381					0	0	0	0	0	0	0	0	0	0	0	0	0	0	0	0
R96		0.03	0.02	0.046	1	1		10000	0.6814	Денис	Оля	771д-163	46203	46213	Сумская Т.В.	27100		14675					27100			14675	41775	41775					0	0	0	0	0	0	0	0	0	0	0	0	0	0	0	0
R97		0.03	0.02	0.046	1	1		20720	0.6795	Денис	Оля	771д-164	46205	46212	Гуля Е.В.	37560		30492					37560			30492	68052	68052					0	0	0	0	0	0	0	0	0	0	0	0	0	0	0	0
R98		0.03	0.02	0.046	1	1		25900	0.6882	Денис	Яна	771д-165	46261	46280	Шевченко Т.А.	20510		37635					20510			37635	58145	58145					0	0	0	802.401	0	0	0	802.401	523.305	348.87	0	0	58145	0	802.401	523.305
R99		0.03	0.02	0.046	1	1			#DIV/0!	Денис	Яна	771д-166	46268		Кузнецова Н.А.	25200							25200			0	25200	25200					0	0	811.44	0	0	0	0	811.44	529.2	352.8	0	25200	0	0	811.44	529.2
R100		0.03	0.02	0.046	1	1			0	Денис	Яна	771д-167	46274		Музычук С.И. 	19510		15387					19510			15387	34897	34897					0	0	1123.6834	0	0	0	0	1123.6834	732.837	488.558	0	34897	0	0	1123.6834	732.837
R101		0.03	0.02	0.046	1	1			0	Денис	Яна	771д-168	46276		Кастерина Е.В.	0		17258					0			17258	17258	17258					0	0	555.7076	0	0	0	0	555.7076	362.418	241.612	0	17258	0	0	555.7076	362.418
R102		0.03	0.02	0.046	1	1			0	Денис	Яна	771д-169	46281		Толкачева Р.М.	21310		20088					21310			20088	41398	41398					0	0	1333.0156	0	0	0	0	1333.0156	869.358	579.572	0	41398	0	0	1333.0156	869.358
R103		0.03	0.02	0.046	1	1			#DIV/0!														0			0	0						0	#DIV/0!	0	0	0	0	0	0	0	0	0	0	0	0	0	0
R104		0.03	0.02	0.046	1	1			#DIV/0!														0			0	0						0	#DIV/0!	0	0	0	0	0	0	0	0	0	0	0	0	0	0
R105		0.03	0.02	0.046	1	1			#DIV/0!														0			0	0						0	#DIV/0!	0	0	0	0	0	0	0	0	0	0	0	0	0	0
R106		0.03	0.02	0.046	1	1			#DIV/0!														0			0	0						0	#DIV/0!	0	0	0	0	0	0	0	0	0	0	0	0	0	0
R107		0.03	0.02	0.046	1	1			#DIV/0!														0			0	0						0	#DIV/0!	0	0	0	0	0	0	0	0	0	0	0	0	0	0
R108		0.03	0.02	0.046	1	1			#DIV/0!														0			0	0						0	#DIV/0!	0	0	0	0	0	0	0	0	0	0	0	0	0	0
R109		0.03	0.02	0.046	1	1			#DIV/0!														0			0	0						0	#DIV/0!	0	0	0	0	0	0	0	0	0	0	0	0	0	0
R110		0.03	0.02	0.046	1	1			#DIV/0!														0			0	0						0	#DIV/0!	0	0	0	0	0	0	0	0	0	0	0	0	0	0
R111		0.03	0.02	0.046	1	1			#DIV/0!														0			0	0						0	#DIV/0!	0	0	0	0	0	0	0	0	0	0	0	0	0	0
R112		0.03	0.02	0.046	1	1			#DIV/0!														0			0	0						0	#DIV/0!	0	0	0	0	0	0	0	0	0	0	0	0	0	0
R113		0.03	0.02	0.046	1	1			#DIV/0!														0			0	0						0	#DIV/0!	0	0	0	0	0	0	0	0	0	0	0	0	0	0
R114		0.03	0.02	0.046	1	1			#DIV/0!														0			0	0						0	#DIV/0!	0	0	0	0	0	0	0	0	0	0	0	0	0	0
R115		0.03	0.02	0.046	1	1			#DIV/0!														0			0	0						0	#DIV/0!	0	0	0	0	0	0	0	0	0	0	0	0	0	0
R116				0.046
R117							потолки																												3	2				4866.7908	3173.994	2115.996	2	110607	94583	94583	4866.7908	3173.994
R118		0.03	0.02	0.03	1	1	интернет	7302	0.6163	Денис	Люда	771п-73	45318	45337	Озерова О.А.	9729		11848					9729			11848	21577	21577					0	0	0	0	0	0	0	0	0	0	0	0	0	0	0	0
R119		0.03	0.02	0.03	1	1			#DIV/0!	Денис	Люда	771п-73х	45318	45337	Озерова О.А.	2409							2409			0	2409	2409					0	0	0	0	0	0	0	0	0	0	0	0	0	0	0	0
R120		0.03	0.02	0.03	1	1	уже обращался	2936	0.58	Денис	Люда	771п-74	45325	45337	Хаснутдинов В.Н.	6553		5062					6553			5062	11615	11615					0	0	0	0	0	0	0	0	0	0	0	0	0	0	0	0
R121		0.03	0.02	0.03	1	1			#DIV/0!	Денис	Люда	771п-74х	45325	45337	Хаснутдинов В.Н.	1144							1144			0	1144	1144					0	0	0	0	0	0	0	0	0	0	0	0	0	0	0	0
R122		0.03	0.02	0.03	1	1	интернет	1700	0.6538	Денис	Люда	771п-75	45332	45342	Бушманов В.А.	3277		2600					3277			2600	5877	5877					0	0	0	0	0	0	0	0	0	0	0	0	0	0	0	0
R123		0.03	0.02	0.03	1	1	интернет	5150	0.5862	Денис	Люда	771п-76	45343	45355	Филина Е.А.	6404		8785					6404			8785	15189	15189					0	0	0	0	0	0	0	0	0	0	0	0	0	0	0	0
R124		0.03	0.02	0.03	1	1		6928	0.6715	Денис	Люда	771п-77	45363	45370	Иванова Р.М.	8008		10317					8008			10317	18325	18325					0	0	0	0	0	0	0	0	0	0	0	0	0	0	0	0
R125		0.03	0.02	0.03	1	1			#DIV/0!	Денис	Люда	771п-77х	45363	45370	Иванова Р.М.	3168							3168			0	3168	3168					0	0	0	0	0	0	0	0	0	0	0	0	0	0	0	0
R126		0.03	0.02	0.03	1	1	наружка	6418	0.5618	Денис	Люда	771п-78	45388	45397	Никифорова Д.В.	7665		11425					7665			11425	19090	19090					0	0	0	0	0	0	0	0	0	0	0	0	0	0	0	0
R127		0.03	0.02	0.03	1	1			#DIV/0!	Денис	Люда	771п-78х	45388	45389	Никифорова Д.В.	6375							6375			0	6375	6375					0	0	0	0	0	0	0	0	0	0	0	0	0	0	0	0
R128		0.03	0.02	0.03	1	1	интернет	7409	0.6778	Денис	Люда	771п-79	45405	45458	Соболев С.А.	9892		10931					9892			10931	20823	20823					0	0	0	0	0	0	0	0	0	0	0	0	0	0	0	0
R129		0.03	0.02	0.03	1	1	уже обращался	3360	0.601	Денис	Люда	771п-80	45409	45416	Новикова Е.М.	4039		5591					4039			5591	9630	9630					0	0	0	0	0	0	0	0	0	0	0	0	0	0	0	0
R130		0.03	0.02	0.03	1	1	интернет	2909	0.6273	Денис	Люда	771п-81	45411	45425	Николайчук А.В.	4576		4637					4576			4637	9213	9213					0	0	0	0	0	0	0	0	0	0	0	0	0	0	0	0
R131		0.03	0.02	0.03	1	1			#DIV/0!	Денис	Люда	771п-81х	45411	45425	Николайчук А.В.	1430							1430			0	1430	1430					0	0	0	0	0	0	0	0	0	0	0	0	0	0	0	0
R132		0.03	0.02	0.03	1	1	интернет	6852	0.6128	Денис	Люда	771п-82	45419	45435	Грошев Н.А.	6865		11181	-120	45423			6745			11181	17926	-120	18046				0	0	0	0	0	0	0	0	0	0	0	0	0	0	0	0
R133		0.03	0.02	0.03	1	1			#DIV/0!	Денис	Люда	771п-82х	45419	45435	Грошев Н.А.	6585							6585			0	6585	6585					0	0	0	0	0	0	0	0	0	0	0	0	0	0	0	0
R134		0.03	0.02	0.03	1	1	уже обращался	2427	0.6297	Денис	Люда	771п-73	45419	45444	Стонис М.В.	3556		3854					3556			3854	7410	7410					0	0	0	0	0	0	0	0	0	0	0	0	0	0	0	0
R135		0.03	0.02	0.03	1	1			#DIV/0!	Денис	Люда	771п-73х	45419	45444	Стонис М.В.	1144							1144			0	1144	1144					0	0	0	0	0	0	0	0	0	0	0	0	0	0	0	0
R136		0.03	0.02	0.03	1	1	уже обращался	3030	0.6733	Денис	Люда	771п-84	45427	45434	Азовская И.И.	6305		4500					6305			4500	10805	10805					0	0	0	0	0	0	0	0	0	0	0	0	0	0	0	0
R137		0.03	0.02	0.03	1	1	наружка	2955	0.6105	Денис	Люда	771п-85	45434	45444	Пригодин С.Н.	3538		4840					3538			4840	8378	8378					0	0	0	0	0	0	0	0	0	0	0	0	0	0	0	0
R138		0.03	0.02	0.03	1	1			#DIV/0!	Денис	Люда	771п-85х	45434	45444	Пригодин С.Н.	572							572			0	572	572					0	0	0	0	0	0	0	0	0	0	0	0	0	0	0	0
R139		0.03	0.02	0.03	1	1	соседи	6412	0.6759	Денис	Люда	771п-86	45437		Фролова И.А.	4443		9486					4443			9486	13929	13929					0	0	0	0	0	0	0	0	0	0	0	0	0	0	0	0
R140		0.03	0.02	0.03	1	1			#DIV/0!	Денис	Люда	771п-86х	45437		Фролова И.А.	1716							1716			0	1716	1716					0	0	0	0	0	0	0	0	0	0	0	0	0	0	0	0
R141		0.03	0.02	0.03	1	1		5031	0.615	Денис	Оля	771п-87	45464	45475	Турилина К.В.	5587		8180					5587			8180	13767	13767					0	0	0	0	0	0	0	0	0	0	0	0	0	0	0	0
R142		0.03	0.02	0.03	1	1	уже обращался	5731	0.5809	Денис	Люда	771п-88	45463	45470	Семенов Н.М.	8759		9865					8759			9865	18624	18624					0	0	0	0	0	0	0	0	0	0	0	0	0	0	0	0
R143		0.03	0.02	0.03	1	1			#DIV/0!	Денис	Люда	771п-88х	45463	45470	Семенов Н.М.	2288							2288			0	2288	2288					0	0	0	0	0	0	0	0	0	0	0	0	0	0	0	0
R144		0.03	0.02	0.03	4	1		7819	0.4062	Денис П.	Оля	774п-89	45503	45555	Терещенко Л.Н.	7311		19250					7311			19250	26561	26561					0	0	0	0	0	0	0	0	0	0	0	0	0	0	0	0
R145		0.03	0.02	0.03	4	1			#DIV/0!	Денис П.	Оля	774п-89х	45503	45555	Терещенко Л.Н.	1617							1617			0	1617	1617					0	0	0	0	0	0	0	0	0	0	0	0	0	0	0	0
R146		0.03	0.02	0.03	4	1	по рекомендации	11903	0.6329	Денис П.	Людмила	774п-90	45507	45524	Бадулин И.В.	18256		18806					18256			18806	37062	37062					0	0	0	0	0	0	0	0	0	0	0	0	0	0	0	0
R147		0.03	0.02	0.03	4	1			#DIV/0!	Денис П.	Людмила	774п-90х	45507		Бадулин И.В.	5346							5346			0	5346	5346					0	0	0	0	0	0	0	0	0	0	0	0	0	0	0	0
R148		0.03	0.02	0.03	1	1		10513	0.6682	Денис	Людмила	771п-91	45514	45535	Савоськин С.Е.	18144	2288	15733					18144			15733	36165	2288	33877				0	0	0	0	0	0	0	0	0	0	0	0	0	0	0	0
R149		0.03	0.02	0.03	1	1	уже обращался	14962	0.6843	Денис	Людмила	771п-92	45517	45517	Дорофеев А.И.	17612	4158	21865	2691	45540			20303			21865	46326	39477	4158	2691			0	0	0	0	0	0	0	0	0	0	0	0	0	0	0	0
R150		0.03	0.02	0.03	1	1		4390	0.752	Денис	Людмила	771п-93	45535	45535	Шевчук А.И.	6458		5838					6458			5838	12296	12296					0	0	0	0	0	0	0	0	0	0	0	0	0	0	0	0
R151		0.03	0.02	0.03	1	1	уже обращался	6958	0.5216	Денис	Людмила	771п-94	45551	45558	Воронкова Е.А.	10199	2750	13339					10199			13339	26288	2750	23538				0	0	0	0	0	0	0	0	0	0	0	0	0	0	0	0
R152		0.03	0.02	0.03	1	1		7163	0.5978	Денис	Людмила	771п-95	45562	45567	Гусарова С.В.	3592	891	11983					3592			11983	16466	15575	891				0	0	0	0	0	0	0	0	0	0	0	0	0	0	0	0
R153		0.03	0.02	0.03	1	1		3670	0.6402	Денис	Людмила	771п-96	45574	45603	Михайлова Н.И.	5136	1144	5733					5136			5733	12013	1144	6856	4013			0	0	0	0	0	0	0	0	0	0	0	0	0	0	0	0
R154		0.03	0.02	0.03	1	1	уже обращался	4409	0.6978	Денис	Людмила	771п-97	45581	45591	Моховикова И.А.	9148		6318					9148			6318	15466	15466					0	0	0	0	0	0	0	0	0	0	0	0	0	0	0	0
R155		0.03	0.02	0.03	1	1	уже обращался	4102	0.7767	Денис	Людмила	771п-98	45588	45602	Медведев В.В.	4651	891	5281					4651			5281	10823	9932	891				0	0	0	0	0	0	0	0	0	0	0	0	0	0	0	0
R156		0.03	0.02	0.03	1	1	уже обращался	6847	0.6584	Денис	Людмила	771п-99	45590	45605	Иванов В.И.	12762		10399					12762			10399	23161	23161					0	0	0	0	0	0	0	0	0	0	0	0	0	0	0	0
R157		0.03	0.02	0.03	1	1	уже обращался	14184	0.7641	Денис	Людмила	771п-100	45601	45610	Скрипка Л.И.	19346		18564	880	45609			20226			18564	38790	37910	880				0	0	0	0	0	0	0	0	0	0	0	0	0	0	0	0
R158		0.03	0.02	0.03	1	1	уже обращался	17120	0.6659	Денис	Людмила	771п-101	45635	45645	Любимова М.И.	28090	6006	25709					28090			25709	59805	3718	2288	53799			0	0	0	0	0	0	0	0	0	0	0	0	0	0	0	0
R159		0.03	0.02	0.03	1	1	наружка	5100	0.5831	Денис	Лена	771п-102	45643	45651	Осетрова Н.В.	6945	1716	8746					6945			8746	17407	15691	1716				0	0	0	0	0	0	0	0	0	0	0	0	0	0	0	0
R160		0.03	0.02	0.03	1	1			0		Лена	771п-103	45645	45653	Азовская И.И.	7173		5343					7173			5343	12516	12516					0	0	0	0	0	0	0	0	0	0	0	0	0	0	0	0
R161		0.03	0.02	0.03	1	1		6110	0.6281	Денис	Лена	771п-104	45645	45651	Мироненко И.И.	13774		9727					13774			9727	23501	23501					0	0	0	0	0	0	0	0	0	0	0	0	0	0	0	0
R162		0.03	0.02	0.03	1	1		12100	0.6059	Денис	Лена	771п-105	45647	45666	Зеленцов С.А.	11015		19970					11015			19970	30985	30985					0	0	0	0	0	0	0	0	0	0	0	0	0	0	0	0
R163		0.03	0.02	0.05	1	1	уже обращался	5000	0.6494	Денис	Алёна	771п-106	45691	45698	Овешникова Л.Н.	3768		7700					3768			7700	11468	11468					0	0	0	0	0	0	0	0	0	0	0	0	0	0	0	0
R164		0.03	0.02	0.05	1	1		10380	0.6656	Денис	Алёна	771п-107	45693	45706	Старостенко А.С.	17523	3190	15596					17523			15596	36309	33119	3190				0	0	0	0	0	0	0	0	0	0	0	0	0	0	0	0
R165		0.03	0.02	0.05	1	1		4400	0.6973	Денис	Алёна	771п-108	45708	45712	Буслаева Л.Ю.	4644		6310					4644			6310	10954	10954					0	0	0	0	0	0	0	0	0	0	0	0	0	0	0	0
R166		0.03	0.02	0.05	1	1		13020	0.5837	Денис	Алёна	771п-109	45712	45716	Иванова Р.М.	13204	3542	22305	-1510	45742			11694			22305	37541	35509	3542	-1510			0	0	0	0	0	0	0	0	0	0	0	0	0	0	0	0
R167		0.03	0.02	0.05	1	1		2500	0.8993	Денис	Алёна	771п-110	45713	45719	Москалева Л.И.	3576		2780					3576			2780	6356	6356					0	0	0	0	0	0	0	0	0	0	0	0	0	0	0	0
R168		0.03	0.02	0.05	1	1		26070	0.6857	Денис	Алёна	771п-111	45722	45731	Макаров Д.С.	14616	29782	38019	2080	45733			16696			38019	84497	52635	29782	2080			0	0	0	0	0	0	0	0	0	0	0	0	0	0	0	0
R169		0.03	0.02	0.05	1	1		4460	0.5794	Денис	Алёна	771п-112	45726	45734	Колосов С.В.	3837		7698					3837			7698	11535	11535					0	0	0	0	0	0	0	0	0	0	0	0	0	0	0	0
R170		0.03	0.02	0.05	1	1		21330	0.5743	Денис	Алёна	771п-113	45733	45741	Макаров Д.С.	9328	31359	37141					9328			37141	77828	46469	31359				0	0	0	0	0	0	0	0	0	0	0	0	0	0	0	0
R171		0.03	0.02	0.05	1	1		3170	0.6029	Денис	Алёна	771п-114	45733	45736	Азовская И.И.	5046		5258					5046			5258	10304	10304					0	0	0	0	0	0	0	0	0	0	0	0	0	0	0	0
R172		0.03	0.02	0.05	1	1		8800	0.5785	Денис	Алёна	771п-115		45771	Китов А.Г.	11826	8808	15211					11826			15211	35845	27037	8808				0	0	0	0	0	0	0	0	0	0	0	0	0	0	0	0
R173		0.03	0.02	0.05	1	1		7900	0.5115		Алёна	771п-116	45805	45808	Горянина Н.А.	15911		15446					15911			15446	31357	31357					0	0	0	0	0	0	0	0	0	0	0	0	0	0	0	0
R174		0.03	0.02	0.05	1	1		15800	0.5904	Денис	Алёна	771п-117	45810	45825	Куьмина А.С.	21717	9987	26763					21717			26763	58467	9987	48480				0	0	0	0	0	0	0	0	0	0	0	0	0	0	0	0
R175		0.03	0.02	0.05	1	1		4500	#DIV/0!	Денис	Алёна	771п-118	45807	45815	Паламарчук И.В.	9369							9369			0	9369	9369					0	0	0	0	0	0	0	0	0	0	0	0	0	0	0	0
R176		0.03	0.02	0.05	1	1		6300	0.5837	Денис	Алёна	771п-119	45813	45818	Костяева Т.В.	10021	1914	10794					10021			10794	22729	1914	20815				0	0	0	0	0	0	0	0	0	0	0	0	0	0	0	0
R177		0.03	0.02	0.05	1	1		5600	0.5822	Денис	Алёна	771п-120	45825	45836	Аржанова Е.И.	7297	1914	9618					7297			9618	18829	1914	16915				0	0	0	0	0	0	0	0	0	0	0	0	0	0	0	0
R178		0.03	0.02	0.05	1	1		16300	0.6007	Денис	Алёна	771п-121	45829	45838	Белоусова М.А.	17396	4466	27134					17396			27134	48996	44530	4466				0	0	0	0	0	0	0	0	0	0	0	0	0	0	0	0
R179		0.03	0.02	0.05	1	1		9300	0.5483	Денис	Алёна	771п-122	45847	45850	Розов П.Н.	9746	1980	16960					9746			16960	28686	1980	26706				0	0	0	0	0	0	0	0	0	0	0	0	0	0	0	0
R180		0.03	0.02	0.05	1	1		9700	0.5744		Оля	771п-123	45881		Косарева Л.Д.	16248	6288	16886					16248			16886	39422	33134	6288				0	0	0	0	0	0	0	0	0	0	0	0	0	0	0	0
R181		0.03	0.02	0.05	1	1		21000	0.5773	Денис	Люда	771п-124	45890	45903	Борисова А.А.	34510	7752	36379					34510			36379	78641	70889	7752				0	0	0	0	0	0	0	0	0	0	0	0	0	0	0	0
R182		0.03	0.02	0.05	1	1	уже обращался	7500	0.5281	Денис	Люда	771п-125	45927	45927	Белоусова М.А.	11695	3922	14201					11695			14201	29818	25896	3922				0	0	0	0	0	0	0	0	0	0	0	0	0	0	0	0
R183		0.03	0.02	0.05	1	1		5600	0.5172	Денис	Оля	771п-126	45917	45922	Борисова А.А.	8040	2734	10828					8040			10828	21602	2734	18868				0	0	0	0	0	0	0	0	0	0	0	0	0	0	0	0
R184		0.03	0.02	0.05	1	1		5300	0.5869	Денис	Люда	771п-127	45953	45960	Шишков А.А.	8414		9030					8414			9030	17444	17444					0	0	0	0	0	0	0	0	0	0	0	0	0	0	0	0
R185		0.03	0.02	0.05	1	1	уже обращался	3500	0.6346	Денис	Люда	771п-128	45957	45966	Турченкова Е.Н.	7391		5515					7391			5515	12906	12906					0	0	0	0	0	0	0	0	0	0	0	0	0	0	0	0
R186		0.03	0.02	0.05	1	1			#DIV/0!			771п-129											0			0	0						0	#DIV/0!	0	0	0	0	0	0	0	0	0	0	0	0	0	0
R187		0.03	0.02	0.05	1	1	уже обращался	22600	0.5182	Денис	Люда	771п-130	45959	45968	Леоненко В.В.	54866		43613					54866			43613	98479	98479					0	0	0	0	0	0	0	0	0	0	0	0	0	0	0	0
R188		0.03	0.02	0.05	1	1	уже обращался	7700	0.5306	Денис	Люда	771п-131	45967	45976	Белоусова М.А.	15753	5348	14513					15753			14513	35614	5348	30266				0	0	0	0	0	0	0	0	0	0	0	0	0	0	0	0
R189		0.03	0.02	0.05	1	1	уже обращался	5900	0.4911	Денис	Люда	771п-132	45972	45976	Белоусова М.А.	10765	5028	12013					10765			12013	27806	5028	22778				0	0	0	0	0	0	0	0	0	0	0	0	0	0	0	0
R190		0.03	0.02	0.05	1	1	по рекомендации	5600	0.6574	Денис	Люда	771п-133	45978	45987	Папко О.А.	10045		8518	555	45986			10600			8518	19118	13000	555	5563			0	0	0	0	0	0	0	0	0	0	0	0	0	0	0	0
R191		0.03	0.02	0.05	1	1	уже обращался	6600	0.5075	Денис	Люда	771п-134	45982	45982	Стальмакова И.В.	4757	1624	13006					4757			13006	19387	1624	17763				0	0	0	0	0	0	0	0	0	0	0	0	0	0	0	0
R192		0.03	0.02	0.05	1	1	уже обращался	4200	0.5676	Денис	Люда	771п-135	45980	45989	Шишков А.А.	9705		7400					9705			7400	17105	17105					0	0	0	0	0	0	0	0	0	0	0	0	0	0	0	0
R193		0.03	0.02	0.05	1	1	наружка	12200	0.6294	Денис	Люда	771п-136	45981	45993	Цукрий О.В.	20367	2030	19383					20367			19383	41780	39750	2030				0	0	0	0	0	0	0	0	0	0	0	0	0	0	0	0
R194		0.03	0.02	0.05	1	1	уже обращался	8800	0.5168		Люда	771п-137	45996	45996	Печников А.А.	22644	4060	17028					22644			17028	43732	4060	39672				0	0	0	0	0	0	0	0	0	0	0	0	0	0	0	0
R195		0.03	0.02	0.05	1	1	уже обращался	4300	0.5034		Люда	771п-138	45994	46000	Салихов Ю.М.	11058	812	8542					11058			8542	20412	812	19600				0	0	0	0	0	0	0	0	0	0	0	0	0	0	0	0
R196		0.03	0.02	0.05	1	1	наружка	5800	0.623		Люда	771п-139	46001	46015	Роланова О.И.	8374	1800	9310					8374			9310	19484	1800	17684				0	0	0	0	0	0	0	0	0	0	0	0	0	0	0	0
R197		0.03	0.02	0.046	1	1	мимо шла	4800	0.6154	Денис	Люда	771п-140	46086	46097	Генчева Д.Н.	5219		7800					5219			7800	13019	13019					0	0	0	0	0	0	0	0	0	0	0	0	0	0	0	0
R198		0.03	0.02	0.046	1	1	наружка	8078	0.5762	Денис	Люда	771п-141	46098	46098	Юлина А.С.	8973	364	14019					8973			14019	23356	16094	6898	364			0	0	0	0	0	0	0	0	0	0	0	0	0	0	0	0
R199		0.03	0.02	0.046	1	1	уже обращался	5873	0.6329	Денис	Люда	771п-142	46099	46116	Фокина О.Н.	20672		9280					20672			9280	29952	29952					0	0	0	0	0	0	0	0	0	0	0	0	0	0	0	0
R200		0.03	0.02	0.046	1	1	уже обращался	12794	0.5932	Денис	Люда	771п-143	46105	46108	Чашка О.А.	10740	9462	21566					10740			21566	41768	32306	9462				0	0	0	0	0	0	0	0	0	0	0	0	0	0	0	0
R201		0.03	0.02	0.046	1	1	по рекомендации	5899	0.5908	Денис	Люда	771п-144	46111	46114	Позднфкова Л.В.	9813	2184	9985					9813			9985	21982	19798	2184				0	0	0	0	0	0	0	0	0	0	0	0	0	0	0	0
R202		0.03	0.02	0.046	1	1	наружка	7565	0.5367	Денис	Люда	771п-145	46115	46126	Епифановская Н.В.	9571	3528	14095					9571			14095	27194	23666	3528				0	0	0	0	0	0	0	0	0	0	0	0	0	0	0	0
R203		0.03	0.02	0.046	1	1		9170	0.5142	Денис	Люда	771п-146	46135		Фокина О.Н.	16909	1092	17834					16909			17834	35835	34743	1092				0	0	0	0	0	0	0	0	0	0	0	0	0	0	0	0
R204		0.03	0.02	0.046	1	1			#DIV/0!			771п-147											0			0	0						0	#DIV/0!	0	0	0	0	0	0	0	0	0	0	0	0	0	0
R205		0.03	0.02	0.046	1	1			0	Денис	Люда	771п-148	46141	46148	Печников А.А.	9374	2100	10005					9374			10005	21479	2100	19379				0	0	0	0	0	0	0	0	0	0	0	0	0	0	0	0
R206		0.03	0.02	0.046	1	1		3205	0.5298	Денис	Люда	771п-149	46142	46155	Турченкова Е.Н.	4080		6050					4080			6050	10130	10130					0	0	0	0	0	0	0	0	0	0	0	0	0	0	0	0
R207		0.03	0.02	0.046	1	1		5285	0.5887	Денис	Люда	771п-150	46161	46165	Таран В.В.	7987		8978					7987			8978	16965	16965					0	0	0	0	0	0	0	0	0	0	0	0	0	0	0	0
R208		0.03	0.02	0.046	1	1		7401	0.56	Денис	Оля	771п-151	46163	46183	Собакина М.К.	10070	2828	13216					10070			13216	26114	23622	2828				-336	-0.0129	0	0	0	0	0	0	0	0	0	0	0	0	0	0
R209		0.03	0.02	0.046	1	1		3471	0.5549	Денис	Оля	771п-152	46186	46190	Жаравина Г.М.	4042	406	6255					4042			6255	10703	10297	406				0	0	0	0	0	0	0	0	0	0	0	0	0	0	0	0
R210		0.03	0.02	0.046	1	1		5651	0.6398	Денис	Яна	771п-153	46251	46261	Азовская И.И.	9624		8832					9624			8832	18456	18456					0	0	0	0	0	0	0	0	0	0	0	0	0	0	0	0
R211		0.03	0.02	0.046	1	1		18079	0.6239	Денис	Яна	771п-154	46272	46290	Селякова Т.В.	23733	19840	28979					23733			28979	72552	72552					0	0	1697.3264	727.4256	0	0	0	2424.752	1581.36	1054.24	1	52712	52712	52712	2424.752	1581.36
R212		0.03	0.02	0.046	1	1			0	Денис	Яна	771п-155	46274		Никитина С.В.	8684	1456	7340					8684			7340	17480	12000	1456				4024	0.2302	515.9728	0	0	0	0	515.9728	336.504	224.336	0	16024	0	0	515.9728	336.504
R213		0.03	0.02	0.046	1	1		11712	0.6542	Денис	Яна	771п-156	46275	46294	Смелкова У.Г.	23969	1820	17902					23969			17902	43691	41871	1820				0	0	1348.2462	577.8198	0	0	0	1926.066	1256.13	837.42	1	41871	41871	41871	1926.066	1256.13
R214		0.03	0.02	0.046	1	1			#DIV/0!														0			0	0						0	#DIV/0!	0	0	0	0	0	0	0	0	0	0	0	0	0	0
R215		0.03	0.02	0.046	1	1			#DIV/0!														0			0	0						0	#DIV/0!	0	0	0	0	0	0	0	0	0	0	0	0	0	0
R216		0.03	0.02	0.046	1	1			#DIV/0!														0			0	0						0	#DIV/0!	0	0	0	0	0	0	0	0	0	0	0	0	0	0
R217		0.03	0.02	0.046	1	1			#DIV/0!														0			0	0						0	#DIV/0!	0	0	0	0	0	0	0	0	0	0	0	0	0	0
R218		0.03	0.02	0.046	1	1			#DIV/0!														0			0	0						0	#DIV/0!	0	0	0	0	0	0	0	0	0	0	0	0	0	0
R219		0.03	0.02	0.046	1	1			#DIV/0!														0			0	0						0	#DIV/0!	0	0	0	0	0	0	0	0	0	0	0	0	0	0
R220		0.03	0.02	0.046	1	1			#DIV/0!														0			0	0						0	#DIV/0!	0	0	0	0	0	0	0	0	0	0	0	0	0	0
R221		0.03	0.02	0.046	1	1			#DIV/0!														0			0	0						0	#DIV/0!	0	0	0	0	0	0	0	0	0	0	0	0	0	0
R222		0.03	0.02	0.046	1	1			#DIV/0!														0			0	0						0	#DIV/0!	0	0	0	0	0	0	0	0	0	0	0	0	0	0
R224							окна																												9	6				25491.498	16624.89	8312.445	5	570357	517677	362547	25491.498	16624.89
R225		0.03	0.015	0.03	1	1	наружка	3600	0.727	Денис	кэшбэк 1528р	771-68	45307	45316	Старосветская Е.О.	33248		4952					33248			4952	38200	27000	11200				0	0	0	0	0	0	0	0	0	0	0	0	0	0	0	0
R226		0.03	0.015	0.03	1	1	интернет	5480	0.754	Денис		771-69	45314	45322	Чупров П.С.	43067		7268	-1500	45316			41567			7268	48835	50335	-1500				0	0	0	0	0	0	0	0	0	0	0	0	0	0	0	0
R227		0.03	0.015	0.03	1	1	по рекомендации	17847	0.7448	Денис	Люда	771-70	45346	46457	Семенов А.С.	112478		23962					112478			23962	136440	136440					0	0	0	0	0	0	0	0	0	0	0	0	0	0	0	0
R228		0.03	0.015	0.03	1	1	уже обращался	3980	0.7434	Денис	Люда	771-71	45337	45349	Самусев В.В.	28146		5354					28146			5354	33500	25000	8500				0	0	0	0	0	0	0	0	0	0	0	0	0	0	0	0
R229		0.03	0.015	0.03	1	1	интернет	4670	0.7439	Денис	Люда	771-72	45343	45355	Филина Е.А.	26825		6278					26825			6278	33103	9103	24000				0	0	0	0	0	0	0	0	0	0	0	0	0	0	0	0
R230		0.03	0.015	0.03	1	1	наружка	5570	0.7479	Денис	Люда	771-73	45358	45370	Леонтьева Т.П.	35616		7448					35616			7448	43064	32000	11064				0	0	0	0	0	0	0	0	0	0	0	0	0	0	0	0
R231		0.03	0.015	0.03	1	1	наружка	5700	0.7453	Денис	Люда	771-74	45371	45381	Эйдон М.В.	52950		7648					52950			7648	60598	60000	598				0	0	0	0	0	0	0	0	0	0	0	0	0	0	0	0
R232		0.03	0.015	0.03	1	1	наружка	4800	0.741	Денис	Люда	771-75	45371	45376	Турсен А.В.	26789		6478					26789			6478	33267	33267					0	0	0	0	0	0	0	0	0	0	0	0	0	0	0	0
R233		0.03	0.015	0.03	1	1	по рекомендации	8360	0.7254	Денис	Люда	771-76	45374	45402	Рогозина А.С.	54175		11525					54175			11525	65700	65700					0	0	0	0	0	0	0	0	0	0	0	0	0	0	0	0
R234		0.03	0.015	0.03	1	1		4810	#DIV/0!		Люда	771-77	45369	45370	Иванова Р.М.	18150							18150			0	18150						18150	1	0	0	0	0	0	0	0	0	0	0	0	0	0	0
R235		0.03	0.015	0.03	1	1			#DIV/0!	Денис	Люда	771-78	45349		Голубев К.В.	18150							18150			0	18150	18150					0	0	0	0	0	0	0	0	0	0	0	0	0	0	0	0
R236		0.03	0.015	0.03	1	1	уже обращался		0	Денис	Люда	771-77	45384	45395	Эйдон М.В.	35200		6478					35200			6478	41678	41678					0	0	0	0	0	0	0	0	0	0	0	0	0	0	0	0
R237		0.03	0.015	0.03	1	1	наружка	20000	0.7345	Денис	Люда	771-78	45401	45415	Моргун А.М.	120842		27228					120842			27228	148070	104000	44070				0	0	0	0	0	0	0	0	0	0	0	0	0	0	0	0
R238		0.03	0.015	0.03	1	1	уже обращался	9260	0.7513	Денис	Люда	771-79	45406	45428	Филина Е.А.	61674		12326					61674			12326	74000	74000					0	0	0	0	0	0	0	0	0	0	0	0	0	0	0	0
R239		0.03	0.015	0.03	1	1	уже обращался	6160	0.7044	Денис	Люда	771-80	45408	45433	Кожина Т.П.	12685		8745					12685			8745	21430	21430					0	0	0	0	0	0	0	0	0	0	0	0	0	0	0	0
R240		0.03	0.015	0.03	1	1			#DIV/0!			771-81											0			0	0						0	#DIV/0!	0	0	0	0	0	0	0	0	0	0	0	0	0	0
R241		0.03	0.015	0.03	1	1	интернет	500	#DIV/0!	Денис	Люда	771-82	45440	45449	Басков М.Д.	7554							7554			0	7554	7554					0	0	0	0	0	0	0	0	0	0	0	0	0	0	0	0
R242		0.03	0.015	0.03	1	1			#DIV/0!			771-83											0			0	0						0	#DIV/0!	0	0	0	0	0	0	0	0	0	0	0	0	0	0
R243		0.03	0.015	0.03	1	1	по рекомендации	490	0.7	Денис	Люда	771-84	45444	45461	Карпова З.С.	2360		700					2360			700	3060	3060					0	0	0	0	0	0	0	0	0	0	0	0	0	0	0	0
R244		0.03	0.015	0.03	1	1	наружка	5620	0.7489	Денис	Люда	771-85	45447	45462	Рублева Л.Г.	65725		7504					65725			7504	73229	73229					0	0	0	0	0	0	0	0	0	0	0	0	0	0	0	0
R245		0.03	0.015	0.03	1	1			#DIV/0!			771-86		45449	Фролова И.А.								0			0	0						0	#DIV/0!	0	0	0	0	0	0	0	0	0	0	0	0	0	0
R246		0.03	0.015	0.03	1	1	случайно зашёл	18250	0.7499	Денис	Люда	771-86	45450	45470	Палявичус А.В.	129663		24337					129663			24337	154000	154000					0	0	0	0	0	0	0	0	0	0	0	0	0	0	0	0
R247		0.03	0.015	0.03	1	1		6510	0.7478	Денис	Люда	771-87	45457	45470	Поляков  М.Г.	58320		8706					58320			8706	67026	67026					0	0	0	0	0	0	0	0	0	0	0	0	0	0	0	0
R248		0.03	0.015	0.03	1	1	наружка	420	0.7	Денис	Люда	771-88	45458	45468	Мослякова В.В.	600		600					600			600	1200	1200					0	0	0	0	0	0	0	0	0	0	0	0	0	0	0	0
R249		0.03	0.015	0.03	1	1	наружка	840	0.7	Денис	Оля	771-89	45461	45477	Тишкевич Н.Г.	1600		1200					1600			1200	2800	2800					0	0	0	0	0	0	0	0	0	0	0	0	0	0	0	0
R250		0.03	0.015	0.03	1	1	уже обращался	1900	0.6847	Денис	Оля	771-90	45462	45477	Вокулов А.В.	1800		2775	-600	45477			1200			2775	3975	4575	-600				0	0	0	0	0	0	0	0	0	0	0	0	0	0	0	0
R251		0.03	0.015	0.03	1	1	наружка	5660	0.7299	Денис	Оля	771-91	45468	45477	Горкушина Т.И.	48446		7754					48446			7754	56200	56200					0	0	0	0	0	0	0	0	0	0	0	0	0	0	0	0
R252			0.015	0.03		1			#DIV/0!		Люда	гребенки	45471	45471	ИгнатьевО.С.	300							300			0	300	300					0	0	0	0	0	0	0	0	0	0	0	0	0	0	0	0
R253			0.015	0.03		1		500	0.3571	бз	Оля	77-92	45477	45483	Евдокимова Л.И.	500		1400					500			1400	1900	1900					0	0	0	0	0	0	0	0	0	0	0	0	0	0	0	0
R254			0.015	0.03		1		1000	1	бз	Оля	77-93	45479	45484	Бурдин А.А.	3156		1000					3156			1000	4156	4156					0	0	0	0	0	0	0	0	0	0	0	0	0	0	0	0
R255		0.03	0.015	0.03	1	1		1000	1	Денис	Оля	773-94	45479	45485	Мавлютов Р.А.	2695		1000					2695			1000	3695	3695					0	0	0	0	0	0	0	0	0	0	0	0	0	0	0	0
R256		0.03	0.015	0.03	1	1		1000	1	Денис	Оля	773-95	45482	45486	Юсова Н.Г.	3176		1000					3176			1000	4176	4176					0	0	0	0	0	0	0	0	0	0	0	0	0	0	0	0
R257		0.03	0.015	0.03	4	1		6924	0.7247	Денис П.	Оля	774-96	45497	45531	Передрук Р.В.	38304		9554					38304			9554	47858	40000	7858				0	0	0	0	0	0	0	0	0	0	0	0	0	0	0	0
R258		0.03	0.015	0.03	4	1	по рекомендации	10125	0.7523	Денис П.	Людмила	774-97	45507	45524	Бадулин И.В.	98041		13459					98041			13459	111500	111500					0	0	0	0	0	0	0	0	0	0	0	0	0	0	0	0
R259		0.03	0.015	0.03	4	1	интернет	22286	0.7482	Денис П.	Людмила	774-98	45512	45535	Мазкина О.Н.	160380		29786					160380			29786	190166	190166					0	0	0	0	0	0	0	0	0	0	0	0	0	0	0	0
R260			0.015	0.03		1	уже обращался	3160	0.7432		Людмила	77-99	45513	45535	Воронкова Е.А.	36000		4252					36000			4252	40252	40252					0	0	0	0	0	0	0	0	0	0	0	0	0	0	0	0
R261		0.03	0.015	0.03	1	1	наружка		#DIV/0!		Людмила	77-100	нет договора										0			0	0						0	#DIV/0!	0	0	0	0	0	0	0	0	0	0	0	0	0	0
R262		0.03	0.015	0.03	1	1			#DIV/0!			77-101	нет договора										0			0	0						0	#DIV/0!	0	0	0	0	0	0	0	0	0	0	0	0	0	0
R263			0.015	0.03		1		8664	0.7019		Людмила	77-102	45526	45566	Скрипка Л.И.	76950		12344					76950			12344	89294	89294					0	0	0	0	0	0	0	0	0	0	0	0	0	0	0	0
R264			0.015	0.03		1		8100	0.7002		Людмила	77-103	45531	45547	Макаров Д.С.	64400		11568					64400			11568	75968	75968					0	0	0	0	0	0	0	0	0	0	0	0	0	0	0	0
R265			0.015	0.03		1	интернет	5634	0.7004		Людмила	77-104	45530	45553	Гостяева Е.В.	36450		8044					36450			8044	44494	44494					0	0	0	0	0	0	0	0	0	0	0	0	0	0	0	0
R266			0.015	0.03		1		1400	0.7		Людмила	77-105	45532	45541	Рогозина А.С.	5265		2000					5265			2000	7265	7265					0	0	0	0	0	0	0	0	0	0	0	0	0	0	0	0
R267		0.03	0.015	0.03	1	1		3708	0.7005	Денис	Людмила	771-106	45533	45553	Переслегина Г.Б.	33075		5293					33075			5293	38368	27000	11368				0	0	0	0	0	0	0	0	0	0	0	0	0	0	0	0
R268		0.03	0.015	0.03	1	1	по рекомендации	4078	0.7002	Денис	Людмила	771-107	45533	45554	Кришевская Л.К.	26325		5824					26325			5824	32149	32149					0	0	0	0	0	0	0	0	0	0	0	0	0	0	0	0
R269		0.03	0.015	0.03	1	1		14600	0.6754	Денис	Людмила	771-108	45534	45555	Рублева Л.Г.	102600		21616	-2486	45537			100114			21616	121730	82500	14230	25000			0	0	0	0	0	0	0	0	0	0	0	0	0	0	0	0
R270		0.03	0.015	0.03	1	1		566	0.7075	Денис	Людмила	771-109	45560	45576	Баркар Е.Н.	1800		800					1800			800	2600	2600					0	0	0	0	0	0	0	0	0	0	0	0	0	0	0	0
R271		0.03	0.015	0.03	1	1		4335	0.7008	Денис	Людмила	771-110	45541	45560	Михайлова А.Ю.	28414		6186					28414			6186	34600	25000	9600				0	0	0	0	0	0	0	0	0	0	0	0	0	0	0	0
R272		0.03	0.015	0.03	1	1	уже обращался	15425	0.7006	Денис	Людмила	771-111	45549	45561	Рублёва Л.Г.	101250		22016					101250			22016	123266	123266					0	0	0	0	0	0	0	0	0	0	0	0	0	0	0	0
R273		0.03	0.015	0.03	1	1			#DIV/0!			771-112											0			0	0						0	#DIV/0!	0	0	0	0	0	0	0	0	0	0	0	0	0	0
R274		0.03	0.015	0.03	1	1	наружка	5650	0.7024	Денис	Людмила	771-113	45558	45580	Гасанов М.Д.О.	35100		8044					35100			8044	43144	43144					0	0	0	0	0	0	0	0	0	0	0	0	0	0	0	0
R275		0.03	0.015	0.03	1	1		11100	0.7048	Денис	Людмила	771-114	45562	45580	Горя Н.Ф.	58500		15750					58500			15750	74250	59000	15250				0	0	0	0	0	0	0	0	0	0	0	0	0	0	0	0
R276		0.03	0.015	0.03	1	1	наружка	6600	0.8275	Денис	Людмила	771-115	45570	45589	Гасникова А.Л.	37800		7976					37800			7976	45776	45776					0	0	0	0	0	0	0	0	0	0	0	0	0	0	0	0
R277		0.03	0.015	0.03	1	1	наружка	6400	0.7077	Денис	Людмила	771-116	45574	45590	Торопова Р.Н.	37800		9044					37800			9044	46844	46844					0	0	0	0	0	0	0	0	0	0	0	0	0	0	0	0
R278		0.03	0.015	0.03	1	1	уже обращался	4900	0.7002	Денис	Людмила	771-117	45586	45595	Любимова М.И.	36450		6998					36450			6998	43448	43448					0	0	0	0	0	0	0	0	0	0	0	0	0	0	0	0
R279		0.03	0.015	0.03	1	1		5900	0.6961	Денис	Людмила	771-118	45587	45603	Кузьмина Д.И.	37800		8476					37800			8476	46276	32000	14276				0	0	0	0	0	0	0	0	0	0	0	0	0	0	0	0
R280		0.03	0.015	0.03	1	1	интернет	6900	0.7078	Денис	Людмила	771-119	45590	45610	Чернов О.Е.	40600		9748					40600			9748	50348	50348					0	0	0	0	0	0	0	0	0	0	0	0	0	0	0	0
R281		0.03	0.015	0.03	1	1	уже обращался	5300	0.7033	Денис	Лена	771-120	45625	45647	Голина Н.Г.	16200		7536					16200			7536	23736	23736					0	0	0	0	0	0	0	0	0	0	0	0	0	0	0	0
R282		0.03	0.015	0.04	4	1		5600	0.7273	Денис П.		774-121	45671	45747	Леванова Ю.В.	31700		7700					31700			7700	39400	39400					0	0	0	0	0	0	0	0	0	0	0	0	0	0	0	0
R283		0.03	0.015	0.05	1	1		4860	0.7005	Денис	Алёна	771-120	45705	45751	Александр	45302		6938	710	45707			46012			6938	52950	52240	710				0	0	0	0	0	0	0	0	0	0	0	0	0	0	0	0
R284		0.03	0.015	0.05	1	1			0	Денис	Алёна	771-121	45716	45727	Смирнова С.В.			25690					0			25690	25690	25690					0	0	0	0	0	0	0	0	0	0	0	0	0	0	0	0
R285		0.03	0.015	0.05	1	1	уже обращался	12850	0.7062	Денис	Алёна	771-122	45743	45752	Короткий А.А.	58103		18197					58103			18197	76300	76300					0	0	0	0	0	0	0	0	0	0	0	0	0	0	0	0
R286		0.03	0.015	0.05	1	1		12530	0.7142	Денис	Алёна	771-123	45745	45759	Волкова В.А.	35015		17545					35015			17545	52560	52560					0	0	0	0	0	0	0	0	0	0	0	0	0	0	0	0
R287		0.03	0.015	0.05	1	1	по рекомендации	16700	0.7012	Денис	Алёна	771-124	45748	45762	Белоусова М.А.	124383		23817					124383			23817	148200	148200					0	0	0	0	0	0	0	0	0	0	0	0	0	0	0	0
R288		0.03	0.015	0.05	1	1	наружка	20970	0.7103	Денис	Алёна	771-125	45775	45790	Шишебарова Н.Ф.	121346		29524					121346			29524	150870	150870					0	0	0	0	0	0	0	0	0	0	0	0	0	0	0	0
R289		0.03	0.015	0.05	1	1		6270	0.7005		Алёна	771-126	45785	45798	Костяева Т.В.	25394		8951					25394			8951	34345	34345					0	0	0	0	0	0	0	0	0	0	0	0	0	0	0	0
R290		0.03	0.015	0.05	1	1			#DIV/0!	Денис	Алёна	771-127	45810	45819	Цуканова Н.И.	2500							2500			0	2500	2500					0	0	0	0	0	0	0	0	0	0	0	0	0	0	0	0
R291			0.015	0.05		1			0		Алёна	77-128	45818	45822	Роменская С.В.	8130		4800					8130			4800	12930	12930					0	0	0	0	0	0	0	0	0	0	0	0	0	0	0	0
R292		0.03	0.015	0.05	1	1		13900	0.7006	Денис	Алёна	771-129	45841	45850	Тимофеенко А.Э.	92009		19841	5900	45841			97909			19841	117750	5900	111850				0	0	0	0	0	0	0	0	0	0	0	0	0	0	0	0
R293		0.03	0.015	0.05	1	1		7800	0.6992	Денис	Алёна	771-130	45856	45867	Переслегина Г.Б.	31595		11155					31595			11155	42750	42750					0	0	0	0	0	0	0	0	0	0	0	0	0	0	0	0
R294		0.03	0.015	0.05	1	1		6200	0.7988	Денис	Люда	771-131	45894	45911	Могилев А.М.	33588		7762					33588			7762	41350	41350					0	0	0	0	0	0	0	0	0	0	0	0	0	0	0	0
R295		0.03	0.015	0.05	1	1		7550	0.7	Денис	Люда	771-132	45917	45940	Иванова Л.Ю.	42167		10786					42167			10786	52953	52953					0	0	0	0	0	0	0	0	0	0	0	0	0	0	0	0
R296		0.03	0.015	0.05	1	1		5600	0.7	Панин	Люда	774-132	45936	45955	Федоткин О.Н.	5000		8000					5000			8000	13000	13000					0	0	0	0	0	0	0	0	0	0	0	0	0	0	0	0
R297		0.03	0.015	0.05	1	1	уже обращался	5700	0.6826	Денис	Люда	771-133	45939	45958	Неговелов Д.Н.	9000		8350					9000			8350	17350	17350					0	0	0	0	0	0	0	0	0	0	0	0	0	0	0	0
R298		0.03	0.015	0.05	1	1	уже обращался		0	Денис	Люда	771-134	45958	45975	Леоненко В.В.	5925		5250					5925			5250	11175	11175					0	0	0	0	0	0	0	0	0	0	0	0	0	0	0	0
R299		0.03	0.015	0.05	1	1	интернет	58000	0.698	Денис	Люда	771-135	45988	46002	Соколов В.В.	256500		83096					256500			83096	339596	250000	89596				0	0	0	0	0	0	0	0	0	0	0	0	0	0	0	0
R300		0.03	0.015	0.05	1	1		4620	0.7006		Люда	771-136	45992	46002	Бобрышов А.Л.	26825		6594					26825			6594	33419	33419					0	0	0	0	0	0	0	0	0	0	0	0	0	0	0	0
R301		0.03	0.015	0.046	1	1	интернет	6150	0.6993	Денис	Люда	771-137	46020	46038	Теленкова Н.а.	25900		8794					25900			8794	34694	34694					0	0	0	0	0	0	0	0	0	0	0	0	0	0	0	0
R302		0.03	0.015	0.046	1	1	наружка	4200	0.7	Денис	Люда	771-138	46072	46080	Ганичев Н.И.	10000		6000					10000			6000	16000	16000					0	0	0	0	0	0	0	0	0	0	0	0	0	0	0	0
R303		0.03	0.015	0.046	1	1	наружка	16300	0.6722	Денис	Люда	771-139	46086	46101	Курицина Л.И.	105400		24250					105400			24250	129650	91000	38650				0	0	0	0	0	0	0	0	0	0	0	0	0	0	0	0
R304		0.03	0.015	0.046	1	1	по рекомендации	8450	0.6753	Денис	Люда	771-140	46108	46118	Трошкина Л.А.	68175		12513	700	46108	-700	46113	68175			12513	80688	56500	700	24188	-700		0	0	0	0	0	0	0	0	0	0	0	0	0	0	0	0
R305		0.03	0.015	0.046	1	1	наружка	14700	0.6784	Денис	Люда	771-141	46112	46132	Молохова В.Н.	89100		21668					89100			21668	110768	110768					0	0	0	0	0	0	0	0	0	0	0	0	0	0	0	0
R306		0.03	0.015	0.046	1	1	наружка	4690	0.6797	Денис	Люда	771-142	46118	46135	Морозова Е.В.	25650		6900					25650			6900	32550	32550					0	0	0	0	0	0	0	0	0	0	0	0	0	0	0	0
R307		0.03	0.015	0.046	1	1	наружка	5250	0.5412	Денис	Люда	771-143	46121	46136	Кокорина Е.Л.	27000		9700					27000	-2000	46122	7700	34700	36700	-2000				0	0	0	0	0	0	0	0	0	0	0	0	0	0	0	0
R308		0.03	0.015	0.046	1	1	уже обращался	28540	0.657	Денис	Люда	771-144	46139	46161	Мухина Н.п.	112050		43440					112050			43440	155490	110000	45490				0	0	0	0	0	0	0	0	0	0	0	0	0	0	0	0
R309		0.03	0.015	0.046	1	1	наружка	16960	0.6744	Денис	Люда	771-145	46156	46169	Воронская М.В.	86400		25150					86400			25150	111550	111550					0	0	0	0	0	0	0	0	0	0	0	0	0	0	0	0
R310		0.03	0.015	0.046	1	1		9950	0.737	Денис	Оля	771-146	46161	46171	Паршенкова Е.Ю.	46513		13500					46513			13500	60013	60013					0	0	0	0	0	0	0	0	0	0	0	0	0	0	0	0
R311		0.03	0.015	0.046	1	1		8610	0.6758	Денис	Оля	771-147	46161	46172	Чупров П.С.	38605		12740					38605			12740	51345	51345					0	0	0	0	0	0	0	0	0	0	0	0	0	0	0	0
R312		0.03	0.015	0.046	1	1		1500	#DIV/0!	Денис	Оля	771-148	46177	46191	Красникова О.в	5419							5419			0	5419	5419					0	0	0	0	0	0	0	0	0	0	0	0	0	0	0	0
R313		0.03	0.015	0.046	1	1		4550	#DIV/0!	Денис	Оля	771-149	46184	46200	Чертополоова Н.В.	19543							19543			0	19543	19543					0	0	0	0	0	0	0	0	0	0	0	0	0	0	0	0
R314		0.03	0.015	0.046	1	1		3150	#DIV/0!	Денис	Оля	771-150	46184	46200	Швакова Н.И.	9860							9860			0	9860	9860					0	0	0	0	0	0	0	0	0	0	0	0	0	0	0	0
R315		0.03	0.015	0.046	1	1		8610	0.6758	Денис	Яна	771-151	46267	46280	Шабанов М.Д.	35750		12740					35750	-1000	46281	11740	47490	34000	14490	-1000			0	0	1561.378	669.162	0	0	-46	2184.54	1424.7	712.35	1	48490	47490	48490	2184.54	1424.7
R316		0.03	0.015	0.046	1	1		24920	0.6803	Денис	Яна	771-152	46265	46281	Ерченко В.Ю.	124200		36630	-3700	46273			120500			36630	157130	112581	44549				0	0	0	2219.454	-170.2	0	0	2049.254	1336.47	668.235	0	0	157130	0	2049.254	1336.47
R317		0.03	0.015	0.046	1	1		23072	0.6794	Денис	Яна	771-153	46267	46282	Овсянкина Н.Р.	114382		33958	-1000	46279			113382			33958	147340	103000	44340				0	0	4776.548	2047.092	-46	0	0	6777.64	4420.2	2210.1	1	148340	147340	148340	6777.64	4420.2
R318		0.03	0.015	0.046	1	1		8400	0.6774	Денис	Яна	771-154	46269	46294	Верхова Ю.В.	39669		12400					39669			12400	52069	36500	15569				0	0	1676.6218	718.5522	0	0	0	2395.174	1562.07	781.035	1	52069	52069	52069	2395.174	1562.07
R319		0.03	0.015	0.046	1	1			#DIV/0!	Денис	Яна	771-155	46269	46280	Наухацкий А.В.	27615							27615			0	27615	27615					0	0	889.203	381.087	0	0	0	1270.29	828.45	414.225	1	27615	27615	27615	1270.29	828.45
R320		0.03	0.015	0.046	1	1		6300	0.7636	Денис	Яна	771-156	46269		Кузнецова Н.А.	36190		8250					36190			8250	44440	32000					12440	0.2799	1430.968	0	0	0	0	1430.968	933.24	466.62	0	44440	0	0	1430.968	933.24
R321		0.03	0.015	0.046	1	1		12400	0.6739	Денис	Яна	771-157	46273	46295	Швецова Л.Е.	67633		18400					67633			18400	86033	61000					25033	0.291	2770.2626	1187.2554	0	0	0	3957.518	2580.99	1290.495	1	86033	86033	86033	3957.518	2580.99
R322		0.03	0.015	0.046	1	1			0	Денис	Яна	771-158	46279		Жакун Н.А.	26252		8500					26252			8500	34752	34752					0	0	1119.0144	0	0	0	0	1119.0144	729.792	364.896	0	34752	0	0	1119.0144	729.792
R323		0.03	0.015	0.046	1	1			0	Денис	Яна	771-159	46279		Ляшенко И.В.	67600		27733	3600	46295			71200			27733	98933	67000	31933				0	0	3069.7226	0	165.6	0	0	3235.3226	2109.993	1054.9965	0	95333	0	0	3235.3226	2109.993
R324		0.03	0.015	0.046	1	1			#DIV/0!														0			0	0						0	#DIV/0!	0	0	0	0	0	0	0	0	0	0	0	0	0	0
R325		0.03	0.015	0.046	1	1			#DIV/0!														0			0	0						0	#DIV/0!	0	0	0	0	0	0	0	0	0	0	0	0	0	0
R326		0.03	0.015	0.046	1	1			#DIV/0!														0			0	0						0	#DIV/0!	0	0	0	0	0	0	0	0	0	0	0	0	0	0
R327		0.03	0.015	0.046	1	1			#DIV/0!			77/5/2о-5	46296		Швецова Л.Е.								0			0	0		25062				-25062	#DIV/0!	0	0	0	0	0	0	0	0	0	0	0	0	0	0
R328		0.03	0.015	0.046	1	1			#DIV/0!			77/5/2о-6											0			0	0						0	#DIV/0!	0	0	0	0	0	0	0	0	0	0	0	0	0	0
R329		0.03	0.015	0.046	1	1			0	Денис	Яна	77/5/2о-7	46291		Сторожик С.А.	26085		7200					26085			7200	33285	25000					8285	0.2489	1071.777	0	0	0	0	1071.777	698.985	349.4925	0	33285	0	0	1071.777	698.985
R330		0.03	0.015	0.046	1	1			0			7752о-8	46296		Трагира С.И.	26467		8180					26467			8180	34647	25000					9647	0.2784	0	0	0	0	0	0	0	0	0	0	0	0	0	0
R331		0.03	0.015	0.046	1	1			#DIV/0!														0			0	0						0	#DIV/0!	0	0	0	0	0	0	0	0	0	0	0	0	0	0
R332		0.03	0.015	0.046	1	1			#DIV/0!														0			0	0						0	#DIV/0!	0	0	0	0	0	0	0	0	0	0	0	0	0	0
R333		0.03	0.015	0.046	1	1			#DIV/0!														0			0	0						0	#DIV/0!	0	0	0	0	0	0	0	0	0	0	0	0	0	0
R334		0.03	0.015	0.046	1	1			#DIV/0!														0			0	0						0	#DIV/0!	0	0	0	0	0	0	0	0	0	0	0	0	0	0
R335		0.03	0.015	0.046	1	1			#DIV/0!														0			0	0						0	#DIV/0!	0	0	0	0	0	0	0	0	0	0	0	0	0	0
R336		0.03	0.015	0.046	1	1			#DIV/0!														0			0	0						0	#DIV/0!	0	0	0	0	0	0	0	0	0	0	0	0	0	0
R337		0.03	0.015	0.046	1	1			#DIV/0!														0			0	0						0	#DIV/0!	0	0	0	0	0	0	0	0	0	0	0	0	0	0
R339							жалюзи																												0	0				0	---	0	0	0	0	0	0
R340			0.02	0.03	1	1	уже обращ				Люда	77ж-26	45346	45357	Королькова А.В.	5952		1600					5952			1600	7552	7552					0	0	0	0	0	0	0	0	----	0	0	0	0	0	0
R341			0.02	0.03		1	наружка			бз	Люда	77ж-27	45400	45406	Зотова А.И.	7840		1600					7840			1600	9440	9440					0	0	0	0	0	0	0	0	----	0	0	0	0	0	0
R342			0.02	0.03		1	уже обращался				Люда	77ж-28	45467	45469	Рублева Л.Г.	16080		3200					16080			3200	19280	19280					0	0	0	0	0	0	0	0	----	0	0	0	0	0	0
R343			0.02	0.03		1	уже обращался				Люда	77ж-29	45469		Хаснутдинов В.Н.	8900		1600					8900			1600	10500	10500					0	0	0	0	0	0	0	0	----	0	0	0	0	0	0
R344			0.02	0.03		1	другое				Люда	77ж-30	45470		Палявичус А.В.	19737		2400					19737			2400	22137	22137					0	0	0	0	0	0	0	0	----	0	0	0	0	0	0
R345			0.02	0.03		1	уже обращался				Людмила	77ж-31	45534	45539	Альмяева Т.В.	7080		2400					7080			2400	9480	9480					0	0	0	0	0	0	0	0	----	0	0	0	0	0	0
R346			0.02	0.03		1	уже обращался				Людмила	77ж-32	45534	45565	Рублева Л.Г.	36100		6400					36100			6400	42500	42500					0	0	0	0	0	0	0	0	----	0	0	0	0	0	0
R347			0.02	0.03		1	уже обращался				Людмила	77ж-33	45539	45545	Дмитриева А.Д.	7150		3000					7150			3000	10150	10150					0	0	0	0	0	0	0	0	----	0	0	0	0	0	0
R348		0.03	0.02	0.03	1	1					Людмила	771ж-34	45621		Бурцев М.А.	23200		2000					23200			2000	25200	25200					0	0	0	0	0	0	0	0	0	0	0	0	0	0	0
R349			0.02	0.05		1				бз	Алёна	77ж-35	45749	45759	Зотова Н.А.	12700		3000					12700			3000	15700	15700					0	0	0	0	0	0	0	0	----	0	0	0	0	0	0
R350			0.02	0.05	1	1					Алёна	77ж-36	45799	45817	Хромушкин В.И.	4910		3200					4910			3200	8110	8110					0	0	0	0	0	0	0	0	----	0	0	0	0	0	0
R351			0.02	0.05	1	1					Алёна	77ж-37	45825	45835	Роменская С.В.	5500		2000					5500			2000	7500	7500					0	0	0	0	0	0	0	0	----	0	0	0	0	0	0
R352			0.02	0.05	1	1	уже обращался				Люда	77ж-38	46001	46018	фролова Е.А.	12096		3000					12096			3000	15096	15096					0	0	0	0	0	0	0	0	----	0	0	0	0	0	0
R353			0.02	0.046		1					Люда	77ж-39	46071	46072	Ильина Д.Н.	8000		2000	1180	46072			9180			2000	11180	5000	2000	4880			-700	-0.0626	0	0	0	0	0	0	----	0	0	0	0	0	0
R354			0.02	0.046	1	1	наружка			Денис	Люда	77ж-40	46101		Моргунова Е.С.	11903		2000					11903			2000	13903	13903					0	0	0	0	0	0	0	0	----	0	0	0	0	0	0
R355			0.02	0.046	1	1				Денис	Люда	77ж-41	46105	46108	Удалова В.В.	15312		3000					15312			3000	18312	18312					0	0	0	0	0	0	0	0	----	0	0	0	0	0	0
R356			0.02	0.046	1	1	уже обращался				Люда	77ж-42	46107	46122	Чашка О.А.	19661		4000					19661			4000	23661	23661					0	0	0	0	0	0	0	0	----	0	0	0	0	0	0
R357			0.02	0.046	1	1	уже обращался				Люда	77ж-43	46114	46122	Чашка О.А.	65583		5000					65583			5000	70583	70583					0	0	0	0	0	0	0	0	----	0	0	0	0	0	0
R358			0.02	0.046	1	1	уже обращался				Люда	77ж-44	46119	46120	Мухина Н.П.	6519		1000					6519			1000	7519	7519					0	0	0	0	0	0	0	0	----	0	0	0	0	0	0
R359			0.02	0.046	1	1						77ж-45											0			0	0						0	#DIV/0!	0	0	0	0	0	0	----	0	0	0	0	0	0
R360			0.02	0.046	1	1	уже обращался				Люда	77ж-46	46122	46149	Фокина О.Н.	65065		5400					65065			5400	70465	70465					0	0	0	0	0	0	0	0	----	0	0	0	0	0	0
R361			0.02	0.046	1	1					Люда	77ж-47	46135		Маненок О.Н.	30111		7000					30111			7000	37111	37111					0	0	0	0	0	0	0	0	----	0	0	0	0	0	0
R362			0.02	0.046	1	1																	0			0	0						0	#DIV/0!	0	0	0	0	0	0	----	0	0	0	0	0	0
R363			0.02	0.046	1	1																	0			0	0						0	#DIV/0!	0	0	0	0	0	0	----	0	0	0	0	0	0
R364			0.02	0.046	1	1																	0			0	0						0	#DIV/0!	0	0	0	0	0	0	----	0	0	0	0	0	0
R365			0.02	0.046	1	1																	0			0	0						0	#DIV/0!	0	0	0	0	0	0	----	0	0	0	0	0	0
R366			0.02	0.046	1	1																	0			0	0						0	#DIV/0!	0	0	0	0	0	0	----	0	0	0	0	0	0
R367			0.02	0.046	1	1																	0			0	0						0	#DIV/0!	0	0	0	0	0	0	----	0	0	0	0	0	0
R368			0.02	0.046	1	1																	0			0	0						0	#DIV/0!	0	0	0	0	0	0	----	0	0	0	0	0	0
R369			0.02	0.046	1	1				-													0			0	0						0	#DIV/0!	0	0	0	0	0	0	----	0	0	0	0	0	0
R370			0.02	0.046	1	1				-													0			0	0						0	#DIV/0!	0	0	0	0	0	0	----	0	0	0	0	0	0
R371			0.02	0.046	1	1				-													0			0	0						0	#DIV/0!	0	0	0	0	0	0	----	0	0	0	0	0	0