=== SHEET: 77-5050 | mode: values | actual: A1:AN90 ===
R1																																		З/п менеджер	Бриг				2	#VALUE!
R2									период:	46266	46295			дс1		дс2		дс3											3	0				5541.436	10239.61				1	#VALUE!
R3		%бр	% мен	м	бр	Источник	Монтажник	Менеджер	№ договора	Дата заключения	Дата закрытия	ФИО заказчика	Ст-ть перв-ная	сумма	дата	сумма	дата	сумма	дата	Итоговая стоимость	Оплата1	Оплата2	Оплата3	Оплата4		Оплата5	Остаток	% остатка	0.5	0.5	зп за дс1	зп за дс2	зп за дс3	5541.436	10239.61	0	172094.2857	0	0	#VALUE!
R4		0.085	0.05	1	1			Люда	77р-141	45874	45933	Константинова И.Н.	164956	22788	45934					187744	5000	112000	47956	22788			0	0	0	0	0	0	0	0	0	0	0	0	0	0
R5		0.055	0.05	1	панин			Алёна	77р-142	45785	45812	Костяева Т.В.	38673	1509	45812					40182	25000	1509	13673				0	0	0	0	0	0	0	0	0	0	0	0	0	#VALUE!
R6		0.055	0.05	1	панин			Алёна	77р-143	45815	расторжение	Волкова В.А.	74284	-52000	45842					22284	5000	47000	-52000				22284	1	0	0	0	0	0	0	0	0	0	0	0	#VALUE!
R7		0.055	0.05	1	панин	наружка		Люда	77р-144	45807	45937	Косарева Л.Д.	191747							191747	5000	130000	56747				0	0	0	0	0	0	0	0	0	0	0	0	0	#VALUE!
R8		0.085	0.05	1	1			Алёна	77р-145	45811	45866	Борисова А.А.	159245							159245	111500	47745					0	0	0	0	0	0	0	0	0	0	0	0	0	0
R9		0.085	0.05	1	1			Алёна	77р-146	45821	45897	Загоренко О.И.	170888	22343	45897					193231	119620	22343	51268				0	0	0	0	0	0	0	0	0	0	0	0	0	0
R10		0.085	0.05	1	1			Алёна	77р-147	45821	45897	Загоренко О.И.	127206	-2619	45897					124587	89050	35537					0	0	0	0	0	0	0	0	0	0	0	0	0	0
R11		0.085	0.05	1	1			Алёна	77р-148	45821	45897	Загоренко О.И.	126925	59006	45856	-715	45897			185216	88850	59006	37360				0	0	0	0	0	0	0	0	0	0	0	0	0	0
R12		0.085	0.05	1	1			Алёна	77р-149	45821	45868	Наумовская А.С.	59084	10925	45870					70009	41360	10925	17724				0	0	0	0	0	0	0	0	0	0	0	0	0	0
R13		0.085	0.05	1	1			Оля	77р-150	45821	45924	Наумовская А.С.	252866	43568	45924					296434	177000	43568	75866				0	0	0	0	0	0	0	0	0	0	0	0	0	0
R14		0.085	0.05	1	1			Оля	77р-151	45821	45915	Наумовская А.С.	191691	23995	45915					215686	134180	57511	23995				0	0	0	0	0	0	0	0	0	0	0	0	0	0
R15		0.085	0.05	1	1			Оля	77р-152	45821	45902	Наумовская А.С.	134543	49918	45901					184461	94180	49918	40363				0	0	0	0	0	0	0	0	0	0	0	0	0	0
R16		0.085	0.05	1	1				77р-153		расторжение	Наумовская А.С.	125534							125534	5000	-5000					125534	1	0	0	0	0	0	0	0	0	0	0	0	0
R17		0.085	0.05	1	1			Алёна	77р-154	45831	45866	Борисова А.А.	90591	22183	45849					112774	63413	27178	22183				0	0	0	0	0	0	0	0	0	0	0	0	0	0
R18		0.085	0.05	1	1			Алёна	77р-155	45831	45895	Борисова А.А.	163810	-15361	45895					148449	114667	33782					0	0	0	0	0	0	0	0	0	0	0	0	0	0
R19		0.085	0.05	1	1			Оля	77р-156	45856	45903	Загоренко О.И.	179608							179608	125725	53883					0	0	0	0	0	0	0	0	0	0	0	0	0	0
R20		0.085	0.05	1	1			Люда	77р-157	45861	45946	Наумовская А.С.	284547	30562	45945					315109	202200	86653	30562	-5000			694	0.0022	0	0	0	0	0	0	0	0	0	0	0	0
R21		0.085	0.05	1	1			Алёна	77р-158	45867	45895	Борисова А.А.	163322	-19278	45895					144044	114325	29719					0	0	0	0	0	0	0	0	0	0	0	0	0	0
R22		0.085	0.05	1	1			Люда	77р-159	45881	45960	Леоненко В.В.	321270	-29286	45959					291984	225000	66984					0	0	0	0	0	0	0	0	0	0	0	0	0	0
R23		0.085	0.05	1	1			Люда	77р-160	45881	45960	Леоненко В.В.	62228							62228	45000	17228					0	0	0	0	0	0	0	0	0	0	0	0	0	0
R24		0.085	0.05	1	1			Оля	77р-161	45895	45917	Борисова А.А.	146308	26940	45917	10265	45919			183513	102420	26940	43888	10265			0	0	0	0	0	0	0	0	0	0	0	0	0	0
R25		0.085	0.05	1	1			Люда	77р-162	45905	45940	Белоусова М.А.	86269	-1944	45940					84325	61000	23325					0	0	0	0	0	0	0	0	0	0	0	0	0	0
R26		0.085	0.05	1	1	уже обращался		Люда	77р-163	45930	45982	Белоусова М.А.	154786							154786	109000	45786					0	0	0	0	0	0	0	0	0	0	0	0	0	0
R27		0.085	0.05	1	1	интернет		Люда	77р-164	45931	46002	Печников А.А.	170514	30380	45975					200894	120000	30380	50514				0	0	0	0	0	0	0	0	0	0	0	0	0	0
R28		0.085	0.05	1	1	по рекомендации		Люда	77р-165	45940	45971	Никитина С.В.	37937	5815	45972					43752	26500	5815	11437				0	0	0	0	0	0	0	0	0	0	0	0	0	0
R29		0.085	0.05	1	1	интернет		Люда	77р-166	45940	расторжение	Луценко О.В.	52477	-35000	45987					17477	30000	10000	-35000				12477	0.7139	0	0	0	0	0	0	0	0	0	0	0	0
R30		0.085	0.05	1	1				77р-167											0							0	#DIV/0!	0	0	0	0	0	0	0	0	0	0	0	0
R31		0.085	0.05	1	1	наружка		Люда	77р-168	46001	46007	Роланова О.И.	37118							37118	26000	11118					0	0	0	0	0	0	0	0	0	0	0	0	0	0
R32		0.085	0.046	1	1	по рекомендации		Люда	77р-169	46009	46037	Ачина Н.В.	67862							67862	50000	17862					0	0	0	0	0	0	0	0	0	0	0	0	0	0
R33		0.085	0.046	1	1	уже обращался		Люда	77р-170	46042	46070	Ачина Н.В.	151110	-24806	46070					126304	151110	-24806					0	0	0	0	0	0	0	0	0	0	0	0	0	0
R34		0.085	0.046	1	1	интернет		Люда	77р-171	46059	46119	Чашка О.А.	151489	-40598	46119					110891	107000	3981					-90	-0.0008	0	0	0	0	0	0	0	0	0	0	0	0
R35		0.085	0.046	1	1	интернет		Люда	77р-172	46059	46119	Чашка О.А.	69440							69440	50000	19440					0	0	0	0	0	0	0	0	0	0	0	0	0	0
R36		0.085	0.046	1	1	интернет		Люда	77р-173	46100	46127	Обрубова Т.А.	118921	-24473	46135					94448	85000	9448					0	0	0	0	0	0	0	0	0	0	0	0	0	0
R37		0.085	0.046	1	1			Яна	77р-174	46108	46252	Крупорницкий Д.А.	199137	39688	46245					238825	80000	70000	49137	39688			0	0	0	0	0	0	0	0	0	0	0	0	0	0
R38		0.085	0.046	1	1			Люда	77р-175	46087	46135	Фокина О.Н.	80546							80546	57000	23546					0	0	0	0	0	0	0	0	0	0	0	0	0	0
R39		0.085	0.046	1	1	уже обращался		Люда	77р-176	46087	46135	Фокина О.Н.	158999	5247	46135					164246	115000	3000	5274	40999			-27	-0.0002	0	0	0	0	0	0	0	0	0	0	0	0
R40		0.085	0.046	1	1			Люда	77р-177	46112	46141	Печникова А.А.	106306	3415	46135					109721	75000	31306	3415				0	0	0	0	0	0	0	0	0	0	0	0	0	0
R41		0.085	0.046	1	1	по рекомендации		Люда	77р-178	46120	46161	Бавкунович Н.Б.	155735	56246	46147					211981	110000	56246	45735				0	0	0	0	0	0	0	0	0	0	0	0	0	0
R42		0.085	0.046	1	1				77р-179		расторжение	Скрипка Л.И.								0	61000	-61000					0	#DIV/0!	0	0	0	0	0	0	0	0	0	0	0	0
R43		0.085	0.046	1	1			Люда	77р-180	46149	46163	Мухина Н.П.	23206							23206	23206						0	0	0	0	0	0	0	0	0	0	0	0	0	0
R44		0.085	0.046	1	1			Люда	77р-181	46150	46262	Семенов Н.М.	53719	-5089	46260					48630	38230	10400					0	0	0	0	0	0	0	0	0	0	0	0	0	0
R45		0.085	0.046	1	1			Оля	77р-182	46156	46186	Жаравина Г.М.	101933	8113	46186					110046	72000	8113	29933				0	0	0	0	0	0	0	0	0	0	0	0	0	0
R46		0.085	0.046	1	1			Оля	77р-183	46162	46202	Гуля Е.В.	129422	48759	46177	26312	46202			204493	91000	1241	48759	26132	37181		180	0.0009	0	0	0	0	0	0	0	0	0	0	0	0
R47		0.085	0.046	1	1			Оля	77р-184	46163	46189	Собакина М.К.	73979	5928	46189					79907	52000	5928	21979				0	0	0	0	0	0	0	0	0	0	0	0	0	0
R48		0.085	0.046	1	1			Оля	77р-185	46191		Азовская И.И.	67183							67183	8000	40000	19183				0	0	0	0	0	0	0	0	0	0	0	0	0	0
R49		0.085	0.046	1	1			Оля	77р-186	46170	46232	Берникова Н.В.	117215	13196	46231					130411	83000	34215	13196				0	0	0	0	0	0	0	0	0	0	0	0	0	0
R50		0.085	0.046	1	1			Оля	77р-187	46175		Харченко О.Г.	87478	42027	46231					129505	62000	42027					25478	0.1967	0	0	0	0	0	0	0	0	0	0	0	0
R51		0.085	0.046	1	1			Оля	77р-188	46177	46207	Михайлова Т.В	142147	-2814	46207					139333	141147	1000	-2814				0	0	0	0	0	0	0	0	0	0	0	0	0	0
R52		0.085	0.046	1	1			Яна	77р-189	46265		Ерченко В.Ю.	279632							279632	196000						83632	0.2991	0	0	0	0	0	0	0	0	0	0	0	0
R53		0.085	0.046	1	1			Яна	77р-190	46265		Ерченко В.Ю.	195143							195143	137000						58143	0.298	0	0	0	0	0	0	0	0	0	0	0	0
R54		0.085	0.046	1	1			Яна	77р-191	46265		Ерченко В.Ю.	67962							67962	48000						19962	0.2937	0	0	0	0	0	0	0	0	0	0	0	0
R55		0.085	0.046	1	1			Яна	77р-192	46265		Ерченко В.Ю.	117682							117682	83000						34682	0.2947	0	0	0	0	0	0	0	0	0	0	0	0
R56		0.085	0.046	1	1			Яна	77р-193	46274		Никитина С.В. 	35268							35268	25000						10268	0.2911	811.164	0	0	0	0	811.164	1498.89	0	25191.4286	0	0	1498.89
R57		0.085	0.046	1	1			Яна	77/5/1р-8	46282		Кирейчик И.О.	156478							156478	25000	85000					46478	0.297	3598.994	0	0	0	0	3598.994	6650.315	0	111770	0	0	6650.315
R58		0.085	0.046	1	1			Яна	77р-194	46284		Селякова Т.В.	49186							49186	49186						0	0	1131.278	0	0	0	0	1131.278	2090.405	0	35132.8571	0	0	2090.405
R59		0.085	0.046	1	1															0							0	#DIV/0!	0	0	0	0	0	0	0	0	0	0	0	0
R60		0.085	0.046	1	1															0							0	#DIV/0!	0	0	0	0	0	0	0	0	0	0	0	0
R61		0.085	0.046	1	1															0							0	#DIV/0!	0	0	0	0	0	0	0	0	0	0	0	0
R62		0.085	0.046	1	1															0							0	#DIV/0!	0	0	0	0	0	0	0	0	0	0	0	0
R63		0.085	0.046	1	1															0							0	#DIV/0!	0	0	0	0	0	0	0	0	0	0	0	0
R64		0.085	0.046	1	1															0							0	#DIV/0!	0	0	0	0	0	0	0	0	0	0	0	0
R65		0.085	0.046	1	1															0							0	#DIV/0!	0	0	0	0	0	0	0	0	0	0	0	0
R66		0.085	0.046	1	1															0							0	#DIV/0!	0	0	0	0	0	0	0	0	0	0	0	0
R67		0.085	0.046	1	1															0							0	#DIV/0!	0	0	0	0	0	0	0	0	0	0	0	0
R69						материал																												0	0					0
R70		0.02	0.02	1	1			Алёна	77р-140	45811		Белоусова М.А.		8889	45811					8889	8889						0	----	----	----	0	0	0	0	0					0
R71		0.02	0.02	1	1			Алёна	77р-144	45834		Косарева Л.Д.		73999	45834					73999	73999						0	----	----	----	0	0	0	0	0					0
R72		0.02	0.02	1	1			Люда	77р-141	45909		Константинова И.Н.		33536	45909					33536	33536						0	----	----	----	0	0	0	0	0					0
R73		0.02	0.02	1	1			Люда	77р-141	45909		Константинова И.Н.		3500						3500	3500						0	----	----	----	0	0	0	0	0					0
R74		0.02	0.02	1	1			Люда	77р-165	45960		Никитина С.В.		17043	45960					17043	17043						0	----	----	----	0	0	0	0	0					0
R75			0.02	1	1			Люда	77р-176	46092		фокина О.Н.		58490	46092					58490	58490						0	----	----	----	0	0	0	0	0					0
R76			0.02	1	1			Люда	77р-172	46100		Чашка О.А.		42862	46100					42862	42862						0	----	----	----	0	0	0	0	0					0
R77			0.02	1	1			Люда	77р-177	46121		Печников А.А.		13221	46121					13221	13221						0	----	----	----	0	0	0	0	0					0
R78			0.02	1	1			Люда	77р-180	46156		Мухина Н.п.		24250	46156					24250	24250						0	----	----	----	0	0	0	0	0					0
R79			0.02	1	1			Оля	77р-184	46172		Собакина М.К.		15210	46172					15210	15210						0	----	----	----	0	0	0	0	0					0
R80			0.02	1	1			Оля	77р-188	46184		Михайлова Т.В.		26182	46184					26182	26182						0	----	----	----	0	0	0	0	0					0
R81			0.02	1	1			Оля	77р-186	46224		Берникова Н.В.		10445	46224					10445	10445						0	----	----	----	0	0	0	0	0					0
R82			0.02	1	1			Оля	77р-174	46231		Крупорницкий Д.А.		33684	46231					33684	33684						0	----	----	----	0	0	0	0	0					0
R83			0.02	1	1			Оля	77р-187	46231		Харченко О.Г.		14168	46231					14168	14168						0	----	----	----	0	0	0	0	0					0
R84			0.02	1	1			Оля	77р-186	46231		Берникова Н.В.		1861	46231					1861	1861						0	----	----	----	0	0	0	0	0					0
R85			0.02	1	1			б/и	77р-174	46235		Крупорницкий Д.А.		-16394	46235					-16394	-16394						0	----	----	----	0	0	0	0	0					0
R86			0.02	1	1															0							0	----	----	----	0	0	0	0	0					0
R87			0.02	1	1															0							0	----	----	----	0	0	0	0	0					0
R88			0.02	1	1															0							0	----	----	----	0	0	0	0	0					0
R89			0.02	1	1															0							0	----	----	----	0	0	0	0	0					0
R90			0.02	1	1															0							0	----	----	----	0	0	0	0	0					0