=== SHEET: 37-5050 | mode: values | actual: A1:AR107 ===
R1																																					З/п менеджер	Бриг				2	0	0
R2									период:	46266	46295			дс1		дс2		дс3		дс4												1	1				8964.035	15398.8125				1	8964.035	15398.8125
R3		%бр	% мен	м	бр	Источник	Монтажник	Менеджер	№ договора	Дата заключения	Дата закрытия	ФИО заказчика	Ст-ть перв-ная	сумма	дата	сумма	дата			сумма	дата	Итоговая стоимость	Оплата1	Оплата2	Оплата3	Оплата4	Оплата5	Оплата6	Оплата7	Остаток	% остатка	0.5	0.5	зп за дс1	зп за дс2	зп за дс3	8333.475	15398.8125	0	189302.1429	92626.6667	0	8333.475	15398.8125
R4		0.085	0.025	1	1	наружка		Юля/Оля	3719р-133	45780	45836	Рыков Н.Н.	291461									291461	5000	200000	86461					0	0	0	0	0	0	0	0	0	0	0	0	0	0	0
R5		0.085	0.05	1	1	интернет		Юля	37р-134	45780	45856	Нарватов А.В.	92528	-9462	45856							83066	5000	61000	17066					0	0	0	0	0	0	0	0	0	0	0	0	0	0	0
R6		0.085	0.05	1	1	интернет		Юля	37р-135	45780	45870	Нарватов А.В.	183451	-13275	45870							170176	5000	125000	40176					0	0	0	0	0	0	0	0	0	0	0	0	0	0	0
R7		0.085	0.05	1	1	интернет		Юля	37р-136			Нарватов А.В.	63848									63848	5000	-5000						63848	1	0	0	0	0	0	0	0	0	0	0	0	0	0
R8		0.085	0.05	1	1	уже обращался		Юля	37р-139	45793	45806	Горбатова Е.В.	63449									63449	45000	18449						0	0	0	0	0	0	0	0	0	0	0	0	0	0	0
R9		0.085	0.05	1	1			Юля	37р-140	45821	45831	Парменов А.И.	9135									9135	9135							0	0	0	0	0	0	0	0	0	0	0	0	0	0	0
R10		0.085	0.05	1	1	уже обращался		Юля	37р-141	45835	45848	Кирилова И.Л.	39298									39298	28000	11298						0	0	0	0	0	0	0	0	0	0	0	0	0	0	0
R11		0.085	0.05	1	1	уже обращался		Юля	37р-142	45843	45927	Анахина Е.Ю.	93549	-19754	45931							73795	65000	8795						0	0	0	0	0	0	0	0	0	0	0	0	0	0	0
R12		0.085	0.05	1	1	наружка		Оля	37р-143	45846	45882	Березина Г.Ф.	54452									54452	40000	2159	12293					0	0	0	0	0	0	0	0	0	0	0	0	0	0	0
R13		0.085	0.05	1	1	уже обращался		Юля	37р-144	45850	45876	Анфёров Р.В.	122877	2000	45876							124877	5000	82000	2000	35677				200	0.0016	0	0	0	0	0	0	0	0	0	0	0	0	0
R14		0.085	0.05	1	1	наружка		Юля	37р-145	45847	45876	Прилепская Н.П.	121675									121675	82000	5000	34675					0	0	0	0	0	0	0	0	0	0	0	0	0	0	0
R15		0.085	0.05	1	1	уже обращался		Юля	37р-146	45906	45927	Клопот Н.Г.	85797	22993	45906	31446	45930					140236	5000	22993	49007	31790	31446			0	0	0	0	0	0	0	0	0	0	0	0	0	0	0
R16		0.085	0.05	1	1	интернет		Юля	37р-147	45875	45909	Улезько А.П.	84611	-6707	45911							77904	60000	17904						0	0	0	0	0	0	0	0	0	0	0	0	0	0	0
R17		0.085	0.05	1	1	уже обращался		Юля	37р-148	45909	45947	Черныш С.П.	281416	25600	45926	-1490	45951					305526	5000	194000	25600	80929				-3	0	0	0	0	0	0	0	0	0	0	0	0	0	0
R18		0.085	0.05	1	1			Юля	37р-149	45913	45958	Коваленко А.А.	320810			67875	45954					388685	5000	221000	68421	-1117	94810			571	0.0015	0	0	0	0	0	0	0	0	0	0	0	0	0
R19		0.085	0.05	1	1	интернет		Юля	37р-150	45913	45957	Коваленко А.А.	182826	-6509	45958							176317	5000	125000	46317					0	0	0	0	0	0	0	0	0	0	0	0	0	0	0
R20		0.085	0.05	1	1			Юля	37р-151	45919	45922	Скрипник Н.Ю.	39672	-24462	45919							15210	5000	10210						0	0	0	0	0	0	0	0	0	0	0	0	0	0	0
R21		0.085	0.05	1	1			Юля	37р-152	45918	45923	Хрищёва Г.Г.	13871									13871	5000	8871						0	0	0	0	0	0	0	0	0	0	0	0	0	0	0
R22		0.085	0.05	1	1			Юля	37р-153	45927	45976	Хитрина Е.В.	100523	10925	45980							111448	5000	70000	10925	25523				0	0	0	0	0	0	0	0	0	0	0	0	0	0	0
R23		0.085	0.046	1	1	по рекомендации		Юля	37р-154	45987		Велиев Р.Я.	133480	-8739	45669							124741	5000	90000	29741					0	0	0	0	0	0	0	0	0	0	0	0	0	0	0
R24		0.085	0.05	1	1	наружка		Юля	37р-155	45953	45982	Чумовицкая А.П.	196669	3876	45966	85999	45979			-4800	46021	281744	5000	134000	3876	55740	30259	57669	-4800	0	0	0	0	0	0	0	0	0	0	0	0	0	0	0
R25		0.085	0.05	1	1			Юля	37р-156	45953	46017	Чумовицкая А.П.	90762	-3045	46017							87717	5000	60000	22717					0	0	0	0	0	0	0	0	0	0	0	0	0	0	0
R26		0.085	0.05	1	1			Юля	37р-155(дуб)			Чумовицкая А.П.		94544	45989							94544	70000	24544						0	0	0	0	0	0	0	0	0	0	0	0	0	0	0
R27		0.085	0.05	1	1	уже обращался		Юля	37р-157	45947	45972	Большакова Л.П.	147419	-3870	45974							143549	5000	105000	33549					0	0	0	0	0	0	0	0	0	0	0	0	0	0	0
R28		0.085	0.05	1	1	наружка		Юля	37р-158	45933	46001	Лагутина В.П.	98472	12455	46001							110927	70000	12455	28472					0	0	0	0	0	0	0	0	0	0	0	0	0	0	0
R29		0.085	0.046	1	1	уже обращался		Юля	37р-159	45940	46035	Зимарева О.В.	171941	12210	46018	32500	46035					216651	120000	12210	51941	32500				0	0	0	0	0	0	0	0	0	0	0	0	0	0	0
R30		0.085	0.046	1	1	по рекомендации		Юля	37р-160	45955	46034	Тинченко Е.В.	290739	77701	46011	7683	46034					376123	204000	77701	86739	7683				0	0	0	0	0	0	0	0	0	0	0	0	0	0	0
R31		0.085	0.046	1	1			Юля	37р-161	45955	46034	Тинченко Е.В.	167013	7380	46034							174393	117000	50013	7380					0	0	0	0	0	0	0	0	0	0	0	0	0	0	0
R32		0.085	0.05	1	1			Юля	37р-162	45959	45993	Скупова Н.В.	68574									68574	50000	18574						0	0	0	0	0	0	0	0	0	0	0	0	0	0	0
R33		0.085	0.046	1	1			Юля	37р-163	45962	46104	Маркова Т.В.	327539	-7500	45707	89884	46128					409923	100000	120000	100039	89884				0	0	0	0	0	0	0	0	0	0	0	0	0	0	0
R34		0.085	0.05	1	1			Юля	37р-164	46020	46104	Маркова Т.В.	64454									64454	5000	59454						0	0	0	0	0	0	0	0	0	0	0	0	0	0	0
R35		0.085	0.05	1	1			Юля	37р-165	46020	46104	Маркова Т.В.	199210	42584	46106							241794	30000	169210	42584					0	0	0	0	0	0	0	0	0	0	0	0	0	0	0
R36		0.085	0.046	1	1	уже обращался		Юля	37р-166	45989	46037	Мещерякова Н.А.	68000	36099	46015							104099	50000	36099	18000					0	0	0	0	0	0	0	0	0	0	0	0	0	0	0
R37		0.085	0.046	1	1			Юля	37р-167	46036	46043	Панкратова Л.Д.	36688	-5994	46045							30694	26000	4694						0	0	0	0	0	0	0	0	0	0	0	0	0	0	0
R38		0.085	0.046	1	1	интернет		Юля	37р-168	46043	46106	Новиков А.В.	27074									27074	20000	7047						27	0.001	0	0	0	0	0	0	0	0	0	0	0	0	0
R39		0.085	0.046	1	1			Юля	37р-169	46095	46150	Руденко Е.М.	156000	40827	46126	23486	46134					220313	10000	105000	40827	21000	23486	20000		0	0	0	0	0	0	0	0	0	0	0	0	0	0	0
R40		0.085	0.046	1	1	по рекомендации		Юля	37р-170	46053	46115	Лаптева А.Н.	59573	43911	46071	-515	46116					102969	42000	43911	17058					0	0	0	0	0	0	0	0	0	0	0	0	0	0	0
R41		0.085	0.046	1	1	по рекомендации		Юля	37р-171	46053	46115	Лаптева А.Н.	157340	-1777	46116							155563	120000	35563						0	0	0	0	0	0	0	0	0	0	0	0	0	0	0
R42		0.085	0.046	1	1	по рекомендации		Юля	37р-172	46053	46116	Лаптева А.Н.	94555	20155	46116							114710	70000	24555	20155					0	0	0	0	0	0	0	0	0	0	0	0	0	0	0
R43		0.085	0.046	1	1	уже обращался		Юля	37р-173	46066	46075	Клопот Н.Г.	57436									57436	42000	15436						0	0	0	0	0	0	0	0	0	0	0	0	0	0	0
R44		0.085	0.046	1	1	уже обращался		Юля	37р-174	46070	46100	Шаров Д.Л.	121847									121847	90000	31847						0	0	0	0	0	0	0	0	0	0	0	0	0	0	0
R45		0.085	0.046	1	1	проходил мимо		Юля	37р-175	46079	46093	Антонова О.П.	118012	38178	46093							156190	83000	38178	35012					0	0	0	0	0	0	0	0	0	0	0	0	0	0	0
R46		0.085	0.046	1	1	интернет		Юля	37р-176	46095	46113	Газизулин В.М.	104522									104522	75000	29522						0	0	0	0	0	0	0	0	0	0	0	0	0	0	0
R47		0.085	0.046	1	1			Юля	37р-177	46122	46169	Лагутина В.П.	140601									140601	5000	95000	40601					0	0	0	0	0	0	0	0	0	0	0	0	0	0	0
R48		0.085	0.046	1	1			Юля	37р-178	46109	46162	Варганова Г.И.	229576	11760	46158							241336	100000	60700	68876	11760				0	0	0	0	0	0	0	0	0	0	0	0	0	0	0
R49		0.085	0.046	1	1			Юля	37р-179	46109	46158	Варганова Г.И.	287232	5408	46158							292640	145000	39300	102932	5408				0	0	0	0	0	0	0	0	0	0	0	0	0	0	0
R50		0.085	0.046	1	1				37р-180	46196	46203	Варганова Г.И.	135112									135112	9420	11025	114667					0	0	0	0	0	0	0	0	0	0	0	0	0	0	0
R51		0.085	0.046	1	1			Юля	37р-181	46156		Лазарев С.А.	38457									38457	30000	7457	1000					0	0	0	0	0	0	0	0	0	0	0	0	0	0	0
R52		0.085	0.046	1	1	уже обращался		Юля	37р-182	46200	46220	КУлакова О.Б.	118156	-11762	46213	-5354	46220	-21420	46220	-6973	46231	72647	83000	-10353						0	0	0	0	0	0	0	0	0	0	0	0	0	0	0
R53		0.085	0.046	1	1	уже обращался		Юля	37р-183	46204	46223	Смирнова А.В.	89045	6511	46220							95556	63000	6511	26045					0	0	0	0	0	0	0	0	0	0	0	0	0	0	0
R54		0.085	0.046	1	1	уже обращался		Юля	37р-184	46212	46218	Фофанов Ю.Г.	34806	-4544	46218							30262	25000	5262						0	0	0	0	0	0	0	0	0	0	0	0	0	0	0
R55		0.085	0.046	1	1			Юля	37р-185	46219	46278	Фомина Н.В.	55576									55576	10000	20000		25576				0	0	0	1278.248	0	0	0	1278.248	2361.98	0	0	92626.6667	0	1278.248	2361.98
R56		0.085	0.046	1	1	интернет		Юля	37р-186	46224	46264	Веклич Е.С.	166626	-23756	46256							142870	120000	22870						0	0	0	0	0	0	0	0	0	0	0	0	0	0	0
R57		0.085	0.046	1	1			Юля	37р-187	46224	46264	Веклич Е.С.	65648	-2882	46256							62766	50000	12766						0	0	0	0	0	0	0	0	0	0	0	0	0	0	0
R58		0.085	0.046	1	1			Юля	37р-188	46227		Лазарев С.А.	132390	53866	46252							186256	95000	37390	53866					0	0	0	0	0	0	0	0	0	0	0	0	0	0	0
R59		0.085	0.046	1	1	по рекомендации		Юля	37р-189	46226		Семёнова О.Н.	159848	20863	46287							180711	115000	20863						44848	0.2482	0	0	959.698	0	0	959.698	1773.355	0	0	0	0	959.698	1773.355
R60		0.085	0.046	1	1	по рекомендации		Юля	37р-190	46233		Фомина Н.Л.	105839									105839	75000							30839	0.2914	0	0	0	0	0	0	0	0	0	0	0	0	0
R61		0.085	0.046	1	1	уже обращался		Юля	37р-191	46241	46256	Тукмакова Н.Г.	30422									30422	22000	8422						0	0	0	0	0	0	0	0	0	0	0	0	0	0	0
R62		0.085	0.046	1	1	работает в Гермесе		Юля	37р-192	46239		Рожкова М.Н.	291754									291754	146000							145754	0.4996	0	0	0	0	0	0	0	0	0	0	0	0	0
R63		0.085	0.046	1	1				37р-193			Рожкова М.Н.	167877									167877	55000							112877	0.6724	0	0	0	0	0	0	0	0	0	0	0	0	0
R64		0.085	0.046	1	1			Юля	37р-194	46239		Рожкова М.Н.	153447									153447	109000							44447	0.2897	0	0	0	0	0	0	0	0	0	0	0	0	0
R65		0.085	0.046	1	1				37р-195			Рожкова М.Н.	120573									120573	10000							110573	0.9171	0	0	0	0	0	0	0	0	0	0	0	0	0
R66		0.085	0.046	1	1				37р-196			Феклистов Ю.Е.	235615									235615	10000							225615	0.9576	0	0	0	0	0	0	0	0	0	0	0	0	0
R67		0.085	0.046	1	1				37р-197													0								0	#DIV/0!	0	0	0	0	0	0	0	0	0	0	0	0	0
R68		0.085	0.046	1	1			Юля	37р-198	46294		Зимарева О.В.	265023									265023	185000							80023	0.3019	6095.529	0	0	0	0	6095.529	11263.4775	0	189302.1429	0	0	6095.529	11263.4775
R69		0.085	0.046	1	1																	0								0	#DIV/0!	0	0	0	0	0	0	0	0	0	0	0	0	0
R70		0.085	0.046	1	1																	0								0	#DIV/0!	0	0	0	0	0	0	0	0	0	0	0	0	0
R71		0.085	0.046	1	1																	0								0	#DIV/0!	0	0	0	0	0	0	0	0	0	0	0	0	0
R72		0.085	0.046	1	1																	0								0	#DIV/0!	0	0	0	0	0	0	0	0	0	0	0	0	0
R73		0.085	0.046	1	1																	0								0	#DIV/0!	0	0	0	0	0	0	0	0	0	0	0	0	0
R74		0.085	0.046	1	1																	0								0	#DIV/0!	0	0	0	0	0	0	0	0	0	0	0	0	0
R75		0.085	0.046	1	1																	0								0	#DIV/0!	0	0	0	0	0	0	0	0	0	0	0	0	0
R76		0.085	0.046	1	1																	0								0	#DIV/0!	0	0	0	0	0	0	0	0	0	0	0	0	0
R77		0.085	0.046	1	1																	0								0	#DIV/0!	0	0	0	0	0	0	0	0	0	0	0	0	0
R78		0.085	0.046	1	1																	0								0	#DIV/0!	0	0	0	0	0	0	0	0	0	0	0	0	0
R80						материал																															630.56	0					630.56	0
R81		0.02	0.02	1	1			Юля	37р-140			Парменов А.И.		10173	45825							10173	10173							0	----	----	----	0	0	0	0	0					0	0
R82		0.02	0.02	1	1			Юля	37р-141			Киилова И.Л.		22285	45843	-2729	45848					19556	22285	-2729						0	----	----	----	0	0	0	0	0					0	0
R83		0.02	0.02	1	1			Юля	37р-143			Березина Г.Ф.		37841	45863							37841	37841							0	----	----	----	0	0	0	0	0					0	0
R84		0.02	0.02	1	1			Юля	37р-142			Амахина Е.Ю.		85225	45876	-23838	45878					61387	85225	-23838						0	----	----	----	0	0	0	0	0					0	0
R85		0.02	0.02	1	1			Юля	37р-146			Клопот Н.Г.		26645	45916							26645	26645							0	----	----	----	0	0	0	0	0					0	0
R86		0.02	0.02	1	1			Юля	37р-152			хрищёва Г.Г.		5937	45918							5937	5937							0	----	----	----	0	0	0	0	0					0	0
R87		0.02	0.02	1	1			Юля	37р-155			Чумовицкая А.П. 		43065	45968							43065	43065							0	----	----	----	0	0	0	0	0					0	0
R88		0.02	0.02	1	1			Юля	37р-158			Лагутина В.П.		18487	45973							18487	18487							0	----	----	----	0	0	0	0	0					0	0
R89		0.02	0.02	1	1			Юля	37р-162			Скупова Н.в.		41719	45986							41719	41719							0	----	----	----	0	0	0	0	0					0	0
R90		0.02	0.02	1	1			Юля	37р-159			Зимарева О.в.		59174	46011							59174	59174							0	----	----	----	0	0	0	0	0					0	0
R91		0.02	0.02	1	1			Юля	37р-166			Мещереков Н.А.		15498	46017							15498	15498							0	----	----	----	0	0	0	0	0					0	0
R92		0.02	0.02	1	1			Юля	37р-170			Лаптева А.Н.		23550	46071							23550	23550							0	----	----	----	0	0	0	0	0					0	0
R93			0.02	1	1			Юля	37р-174			Шаров Д.Г.		24505	46087							24505	24505							0	----	----	----	0	0	0	0	0					0	0
R94			0.02	1	1			Юля	37р-169			Руденко Е.М.		28348	46109							28348	28348							0	----	----	----	0	0	0	0	0					0	0
R95			0.02	1	1			Юля	37р-177			Лагутина В.В.		28408	46135							28408	28408							0	----	----	----	0	0	0	0	0					0	0
R96			0.02	1	1			Юля	37р-183			Смирнова А.В.		17607	46211							17607	17607							0	----	----	----	0	0	0	0	0					0	0
R97			0.02	1	1			Юля	37р-185			Фомина Н.В.		16864	46227							16864	14000	2864						0	----	----	----	0	0	0	0	0					0	0
R98			0.02	1	1			Юля	37р-188			Лазарев С.А.		14263	46239							14263	14263							0	----	----	----	0	0	0	0	0					0	0
R99			0.02	1	1			Юля	37р-191			Тукмакова Н.Г.		18660	46247							18660	18660							0	----	----	----	0	0	0	0	0					0	0
R100			0.02	1	1			Юля	37р-189			Семёнова О.Н.		15697	46274							15697	14825	872						0	----	----	----	313.94	0	0	313.94	0					313.94	0
R101			0.02	1	1			Юля	37р-190			Фомина Н.Л.		15831	46276							15831	15831							0	----	----	----	316.62	0	0	316.62	0					316.62	0
R102			0.02	1	1																	0								0	----	----	----	0	0	0	0	0					0	0
R103			0.02	1	1																	0								0	----	----	----	0	0	0	0	0					0	0
R104			0.02	1	1																	0								0	----	----	----	0	0	0	0	0					0	0
R105			0.02	1	1																	0								0	----	----	----	0	0	0	0	0					0	0
R106			0.02	1	1																	0								0	----	----	----	0	0	0	0	0					0	0
R107			0.02	1	1																	0								0	----	----	----	0	0	0	0	0					0	0