=== SHEET: 19-5050 | mode: values | actual: A1:AT149 ===
R1																																							З/п менеджер	Бриг				2	4080.86	0
R2									период:	46266	46295			дс1		дс2		дс3		дс4													1	5					49218.912	83407.27				1	45138.052	83407.27
R3		%бр	% мен	м	бр	Источник	ВК	Менеджер	№ договора	Дата заключения	Дата закрытия	ФИО заказчика	Ст-ть перв-ная	сумма	дата	сумма	дата	сумма	дата	сумма	дата	Итоговая стоимость	Оплата1	Оплата2	Оплата3	Оплата4	Оплата5	Оплата6	Оплата7	Оплата8	Остаток	% остатка	0.5	0.5	зп за дс1	зп за дс2	зп за дс3	зп за дс4	45138.052	83407.27	0	180229.2857	2446833.333	0	45138.052	83407.27
R4		0.085	0.05	1	1	уже обращался		Алёна	1114	45789	45853	Демьянченко Н.А.	269512	61044	45828	45485	45856					376041	189000	61044	80512	45485					0	0	0	0	0	0	0	0	0	0	0	0	0	0	0	0
R5		0.085	0.05	1	1			Оля	1115	45798	45827	Дятлов В.С.	83794	30177	45827							113971	60000	30177	23794						0	0	0	0	0	0	0	0	0	0	0	0	0	0	0	0
R6		0.085	0.05	1	1			Оля	1116	45798	45819	Горюнова М.В.	49388	5800	45819							55188	35000	5800	14388						0	0	0	0	0	0	0	0	0	0	0	0	0	0	0	0
R7		0.085	0.05	1	1			Оля	1117	45798	45873	Горюнова М.В.	182692									182692	128000	54692							0	0	0	0	0	0	0	0	0	0	0	0	0	0	0	0
R8		0.085	0.05	1	1			Алёна	1118	45798	45868	Горюнова М.В.	168034									168034	118000	50034							0	0	0	0	0	0	0	0	0	0	0	0	0	0	0	0
R9		0.085	0.05	1	1			Алёна	1119	45798	45868	Горюнова М.В.	234007	69799	45819	46239	45868					350045	164000	69799	70007	46239					0	0	0	0	0	0	0	0	0	0	0	0	0	0	0	0
R10		0.085	0.05	1	1			Оля	1120			Горюнова М.В.	114111									114111	0								114111	1	0	0	0	0	0	0	0	0	0	0	0	0	0	0
R11		0.085	0.05	1	1			Оля	1121	45804	45897	Титова А.Д.	233628	47297	45891	18893	45897					299818	164000	47297	18893	69628					0	0	0	0	0	0	0	0	0	0	0	0	0	0	0	0
R12		0.085	0.05	1	1			Алёна	1122	45805	45853	Большакова Е.В.	93921	11230	45855							105151	66000	11230	27921						0	0	0	0	0	0	0	0	0	0	0	0	0	0	0	0
R13		0.085	0.05	1	1			Алёна	1123	45813	45841	Кузнецова А.С.	65834	44896	45841							110730	49000	44896	16834						0	0	0	0	0	0	0	0	0	0	0	0	0	0	0	0
R14		0.085	0.05	1	1			Оля	1124	45811	45876	Кузнецова А.С.	178627	42164	45868	37629	45877					258420	125000	42164	37629	53627					0	0	0	0	0	0	0	0	0	0	0	0	0	0	0	0
R15		0.085	0.05	1	1			Оля	1125	45811	45926	Кузнецова А.С.	179278	17386	45926							196664	126000	17386	53278						0	0	0	0	0	0	0	0	0	0	0	0	0	0	0	0
R16		0.085	0.05	1	1			Оля	1126	45811	45873	Кузнецова А.С.	220808	34661	45873							255469	155000	65808	34661						0	0	0	0	0	0	0	0	0	0	0	0	0	0	0	0
R17		0.085	0.05	1	1			Оля	1127	45908	45960	Кузнецова А.С.	179922	69884	45948	8507	45960					258313	5000	120000	69884	8507	54922				0	0	0	0	0	0	0	0	0	0	0	0	0	0	0	0
R18		0.085	0.046	1	1			Оля	1128	45812	46048	Плотникова М.С.	148805	10135	46048							158940	105000	10135	43805						0	0	0	0	0	0	0	0	0	0	0	0	0	0	0	0
R19		0.085	0.05	1	1			Оля	1129	45825	45909	Хохлова Н.М.	105925	-3558	45909							102367	75000	27367							0	0	0	0	0	0	0	0	0	0	0	0	0	0	0	0
R20		0.085	0.05	1	1			Алёна	1130	45828	45847	Калинина Н.А.	20688									20688	20688								0	0	0	0	0	0	0	0	0	0	0	0	0	0	0	0
R21		0.085	0.05	1	1			Алёна	1131	45831	45839	Зубрина В.Н.	23256									23256	23256								0	0	0	0	0	0	0	0	0	0	0	0	0	0	0	0
R22		0.085	0.05	1	1			Оля	1132	45832	46015	Гарай Е.А.	328514	99399	45944	-13301	46009					414612	230000	99399	85213						0	0	0	0	0	0	0	0	0	0	0	0	0	0	0	0
R23		0.085	0.05	1	1			Оля	1133	45832	45875	Левитес В.В.	26400									26400	19000	7400							0	0	0	0	0	0	0	0	0	0	0	0	0	0	0	0
R24		0.085	0.05	1	1			Оля	1134	45834	45882	Маджуга С.В.	21600	15998	45835	-4000	45882					33598	15000	15998	2600						0	0	0	0	0	0	0	0	0	0	0	0	0	0	0	0
R25		0.085	0.05	1	1			Оля	1135	45919	45939	Феоктистов А.А.	100101	-2178	45938							97923	5000	65000	27923						0	0	0	0	0	0	0	0	0	0	0	0	0	0	0	0
R26		0.085	0.05	1	1			Оля	1136	45938	45986	Мишина М.В.	87798	72935	45938	-1898	45972	-16000	45986			142835	5000	57000	72935	9798					-1898	-0.0133	0	0	0	0	0	0	0	0	0	0	0	0	0	0
R27		0.085	0.05	1	1			Оля	1137	45875	45883	Бовсуновская Н.Ю.	109932	-97404	45883							12528	77000	-64472							0	0	0	0	0	0	0	0	0	0	0	0	0	0	0	0
R28		0.085	0.05	1	1			Оля	1138	45888	45988	Никитина С.В.	125691	6931	45990							132622	88000	6931	37691						0	0	0	0	0	0	0	0	0	0	0	0	0	0	0	0
R29		0.085	0.05	1	1			Оля	1139	45890	46017	Фомина Н.В.	62532	21590	46017							84122	45000	21590	17532						0	0	0	0	0	0	0	0	0	0	0	0	0	0	0	0
R30		0.085	0.05	1	1			Оля	1140	45897		Майорова О.В.	111099	-66890	45939							44209	78000		-66890						33099	0.7487	0	0	0	0	0	0	0	0	0	0	0	0	0	0
R31		0.085	0.05	1	1			Оля	1141	45898		Шувалова И.В.	71142									71142	50000	21142							0	0	0	0	0	0	0	0	0	0	0	0	0	0	0	0
R32		0.085	0.05	1	1			Оля	1142	45899	45989	Бежан И.П.	193991	77886	45989							271877	30000	106000	77886	57991					0	0	0	0	0	0	0	0	0	0	0	0	0	0	0	0
R33		0.085	0.05	1	1			Оля	1143	45891	45912	Завьялова Д.Д.	29165	5000	45911							34165	21000	5000	8165						0	0	0	0	0	0	0	0	0	0	0	0	0	0	0	0
R34		0.085	0.05	1	1			Оля	1144	45910	45989	Перец А.И.	44154	6752	45916							50906	6752	31000	11768						1386	0.0272	0	0	0	0	0	0	0	0	0	0	0	0	0	0
R35		0.085	0.05	1	1			Оля	1145	45912	45954	Кононенко В.Д.	217770	27569	45947	26340	45952					271679	153000	27569	26340	64770					0	0	0	0	0	0	0	0	0	0	0	0	0	0	0	0
R36		0.085	0.05	1	1			Оля	1146	45916	46006	Новиков Д.С.	40700	6983	45989							47683	29000	6983	11700						0	0	0	0	0	0	0	0	0	0	0	0	0	0	0	0
R37		0.085	0.05	1	1			Оля	1147	45919	45948	Еременко В.Н.	72096									72096	51000	21096							0	0	0	0	0	0	0	0	0	0	0	0	0	0	0	0
R38		0.085	0.05	1	1			Оля	1147-1	45925	45966	Лосева Л.Н.	119135	15280	45966							134415	84000	35135	15280						0	0	0	0	0	0	0	0	0	0	0	0	0	0	0	0
R39		0.085	0.05	1	1			Оля	1148	45930	46017	Иванченкова Е.П.	124778	31414	45972	-9225	46015					146967	90000	31414	25553						0	0	0	0	0	0	0	0	0	0	0	0	0	0	0	0
R40		0.085	0.05	1	1			Оля	1149	45930	46015	Акимов В.А.	181541	15998	46013							197539	127000	15998	54541						0	0	0	0	0	0	0	0	0	0	0	0	0	0	0	0
R41		0.085	0.05	1	1			Оля	1150	45936	45958	Шилина Л.П.	24122	10206	45957							34328	20000	10206	4122						0	0	0	0	0	0	0	0	0	0	0	0	0	0	0	0
R42		0.085	0.05	1	1			Оля	1151	45940	46021	Левитес С.Д.	230522	19188	45960	150996	45987					400706	162000	19188	150996	68522					0	0	0	0	0	0	0	0	0	0	0	0	0	0	0	0
R43		0.085	0.046	1	1			Оля	1152	45940	46037	Левитес С.Д.	75591	27009	45960	10242	46036					112842	53000	27009	22591	10242					0	0	0	0	0	0	0	0	0	0	0	0	0	0	0	0
R44		0.085	0.05	1	1			Оля	1153	45952	45980	Самсонова А.Ф.	35861									35861	25000	10861							0	0	0	0	0	0	0	0	0	0	0	0	0	0	0	0
R45		0.085	0.05	1	1			Оля	1154	45959	45997	Яблоновская И.В.	190809	29262	45997							220071	134000	29262	56809						0	0	0	0	0	0	0	0	0	0	0	0	0	0	0	0
R46		0.085	0.05	1	1			Оля	1155	45980	46015	Крутько Е.Н.	192664	37677	46008							230341	135000	37677	57664						0	0	0	0	0	0	0	0	0	0	0	0	0	0	0	0
R47		0.085	0.05	1	1			Оля	1156	45980	46015	Крутько Е.Н.	127695	-30252	46008							97443	90000	7443							0	0	0	0	0	0	0	0	0	0	0	0	0	0	0	0
R48		0.085	0.05	1	1			Оля	1157	45980	46020	Крутько Е.Н.	179825	37336	46008							217161	126000	37336	53825						0	0	0	0	0	0	0	0	0	0	0	0	0	0	0	0
R49		0.085	0.046	1	1			Оля	1158	45980	46050	Крутько Е.Н.	118863	24739	46050							143602	84000	24739	34863						0	0	0	0	0	0	0	0	0	0	0	0	0	0	0	0
R50		0.085	0.046	1	1			Оля	1159	45980	46050	Крутько Е.Н.	107006	33489	46044							140495	75000	33489	32006						0	0	0	0	0	0	0	0	0	0	0	0	0	0	0	0
R51		0.085	0.05	1	1				1160			Зайкова Т.П.	111304									111304									111304	1	0	0	0	0	0	0	0	0	0	0	0	0	0	0
R52		0.085	0.05	1	1			Оля	1160	45983		Зуева М.Ю.	82427									82427	58000	24427							0	0	0	0	0	0	0	0	0	0	0	0	0	0	0	0
R53		0.085	0.05	1	1				1161													0									0	#DIV/0!	0	0	0	0	0	0	0	0	0	0	0	0	0	0
R54		0.085	0.046	1	1			Оля	1162	45986	46053	Пчелкин П.А.	350731	15545	46053							366276	250000	100731	15545						0	0	0	0	0	0	0	0	0	0	0	0	0	0	0	0
R55		0.085	0.046	1	1			Оля	1163	46001	46050	Боровик И.А.	173983	4335	46048							178318	122000	4335	51983						0	0	0	0	0	0	0	0	0	0	0	0	0	0	0	0
R56		0.085	0.046	1	1			Оля	1164	46034	46053	Соколова Т.В.	99545									99545	67000	32545							0	0	0	0	0	0	0	0	0	0	0	0	0	0	0	0
R57		0.085	0.046	1	1			Оля	1165	46043	46078	Обухова О.Г.	158844	20010	46077							178854	115000	20010	43844						0	0	0	0	0	0	0	0	0	0	0	0	0	0	0	0
R58		0.085	0.046	1	1			Оля	1166	46042	46217	Смирнова Н.В.	365904	13472	46234							379376	100000	50000	50000	60000	13472	105904			0	0	0	0	0	0	0	0	0	0	0	0	0	0	0	0
R59		0.085	0.046	1	1			Оля	1167	46132		ПГТ Брусникино	183949									183949	50000	80000							53949	0.2933	0	0	0	0	0	0	0	0	0	0	0	0	0	0
R60		0.085	0.046	1	1			Оля	1168	46045	46062	Сивкова В.П.	23280									23280	23280								0	0	0	0	0	0	0	0	0	0	0	0	0	0	0	0
R61		0.085	0.046	1	1			Оля	1169	46046	46060	Зуева М.Ю.	99351	-18172	46432							81179	70000	11179							0	0	0	0	0	0	0	0	0	0	0	0	0	0	0	0
R62		0.085	0.046	1	1			Оля	1170	46053	46081	Плотникова М.С.	60043	5148	46081							65191	45000	5148	15043						0	0	0	0	0	0	0	0	0	0	0	0	0	0	0	0
R63		0.085	0.046	1	1			Оля	1171	46081	46109	Малышкин А.Н.	214429	31058	46109							245487	151000	31058	63429						0	0	0	0	0	0	0	0	0	0	0	0	0	0	0	0
R64		0.085	0.046	1	1			Оля	1172	46109	46135	Малышкин А.Н.	135991	33168	46141							169159	5000	91000	33168	39991					0	0	0	0	0	0	0	0	0	0	0	0	0	0	0	0
R65		0.085	0.046	1	1			Оля	1173	46109	46122	Малышкин А.Н.	175858	45047	46122							220905	5000	118000	52858	45047					0	0	0	0	0	0	0	0	0	0	0	0	0	0	0	0
R66		0.085	0.046	1	1			Оля	1174	46141	46164	Малышкин А.Н.	96033	12251	46164							108284	5000	63000	28033	12251					0	0	0	0	0	0	0	0	0	0	0	0	0	0	0	0
R67		0.085	0.046	1	1			Оля	1175	46084	46098	Соколова К.И.	95162	-9489	46099							85673	67000	18673							0	0	0	0	0	0	0	0	0	0	0	0	0	0	0	0
R68		0.085	0.046	1	1			Оля	1176	46095	46108	Черемных А.Н.	24459									24459	18000	6459							0	0	0	0	0	0	0	0	0	0	0	0	0	0	0	0
R69		0.085	0.046	1	1			Оля	1177	46105		Пчелкин П.А.	23205									23205	23205								0	0	0	0	0	0	0	0	0	0	0	0	0	0	0	0
R70		0.085	0.046	1	1			Оля	1178	46106	46148	Соколова К.И.	47233	4860	46150							52093	33000	4860	14233						0	0	0	0	0	0	0	0	0	0	0	0	0	0	0	0
R71		0.085	0.046	1	1				1179													0									0	#DIV/0!	0	0	0	0	0	0	0	0	0	0	0	0	0	0
R72		0.085	0.046	1	1			Оля	1180	46100	46289	Никифоров А.О.	356331	70702	46289							427033	250000	106331	70702						0	0	0	8195.613	3252.292	0	0	0	11447.905	21153.7375	0	0	664587	0	11447.905	21153.7375
R73		0.085	0.046	1	1			Оля	1181	46111	46137	Ковалевский А.В.	335827	20185	46141							356012	235000	20185	100827						0	0	0	0	0	0	0	0	0	0	0	0	0	0	0	0
R74		0.085	0.046	1	1			Оля	1182	46115	46132	Шумская Н.в.	55764									55764	40000	12161	3603						0	0	0	0	0	0	0	0	0	0	0	0	0	0	0	0
R75		0.085	0.046	1	1			Оля	1183	46130	46169	Зуева М.Ю.	222152	36589	46169							258741	156000	66152	36589						0	0	0	0	0	0	0	0	0	0	0	0	0	0	0	0
R76		0.085	0.046	1	1			Оля	1184	46140	46169	ИП Прибыльская И.В.	69545	3482	46169							73027	48681	33027							-8681	-0.1189	0	0	0	0	0	0	0	0	0	0	0	0	0	0
R77		0.085	0.046	1	1			Оля	1185	46139	46167	Бойкова Э.Н.	37172	3823	46169							40995	27000	10172	3823						0	0	0	0	0	0	0	0	0	0	0	0	0	0	0	0
R78		0.085	0.046	1	1			Оля	1186	46142		Обухова О.Г.	144364									144364	80000	21000							43364	0.3004	0	0	0	0	0	0	0	0	0	0	0	0	0	0
R79		0.085	0.046	1	1			Оля	1187	46149	46170	Севрюгин С.В.	91407									91407	64000	27407							0	0	0	0	0	0	0	0	0	0	0	0	0	0	0	0
R80		0.085	0.046	1	1			Оля	1188	46149	46167	Зубкова Л.Г.	22750									22750	16000	6750							0	0	0	0	0	0	0	0	0	0	0	0	0	0	0	0
R81		0.085	0.046	1	1			Оля	1189	46150	46174	Жаркова О.В.	237629	11021	46176							248650	167000	11021	70629						0	0	0	0	0	0	0	0	0	0	0	0	0	0	0	0
R82		0.085	0.046	1	1			Оля	1190	46156		Сизов Г.С.	226694									226694	160000								66694	0.2942	0	0	0	0	0	0	0	0	0	0	0	0	0	0
R83		0.085	0.046	1	1			Оля	1191	46169	46207	Зуева М.Ю.	136664	31982	46207							168646	96000	31982	40664						0	0	0	0	0	0	0	0	0	0	0	0	0	0	0	0
R84		0.085	0.046	1	1			Оля	1192	46171	46233	Пысова И.А.	147771	11936	46233							159707	105000	11936	42771						0	0	0	0	0	0	0	0	0	0	0	0	0	0	0	0
R85		0.085	0.046	1	1			Оля	1193	46171	46211	Мычко С.И.	190390	4210	46197							194600	190390	4210							0	0	0	0	0	0	0	0	0	0	0	0	0	0	0	0
R86		0.085	0.046	1	1			Оля	1194	46172	46191	Молодцова Т.Е.	62962									62962	45000	17962							0	0	0	0	0	0	0	0	0	0	0	0	0	0	0	0
R87		0.085	0.046	1	1			Оля	1195	46175	46184	Дорошенко С.И.	38702									38702	28702	10000							0	0	0	0	0	0	0	0	0	0	0	0	0	0	0	0
R88		0.085	0.046	1	1			Оля	1196	46175	46275	Власенко О.В.	148249	37159	46275							185408	104000	37159	44249						0	0	0	3409.727	1709.314	0	0	0	5119.041	9459.0975	0	0	284240.6667	0	5119.041	9459.0975
R89		0.085	0.046	1	1			Оля	1197	46184	46213	Скатов М.Е.	337392	48500	46198	-46031	46211					339861	241000	48500	50361						0	0	0	0	0	0	0	0	0	0	0	0	0	0	0	0
R90		0.085	0.046	1	1			Оля	1198	46184		Скатов М.Е.	250699									250699	179000								71699	0.286	0	0	0	0	0	0	0	0	0	0	0	0	0	0
R91		0.085	0.046	1	1			Оля	1199	46184		Скатов М.Е.	108972	52983	46211							161955	80000	52983							28972	0.1789	0	0	0	0	0	0	0	0	0	0	0	0	0	0
R92		0.085	0.046	1	1			Оля	1200	46203		Золотарь А.В.	82330									82330	58000								24330	0.2955	0	0	0	0	0	0	0	0	0	0	0	0	0	0
R93		0.085	0.046	1	1			Оля	1201	46203	46279	Епишин А.В.	382759	42651	46279							425410	268000	42651	114759						0	0	0	8803.457	1961.946	0	0	0	10765.403	19892.5925	0	0	680582.6667	0	10765.403	19892.5925
R94		0.085	0.046	1	1			Оля	1202	46203		Дубницкий А.М.	118642									118642	84000								34642	0.292	0	0	0	0	0	0	0	0	0	0	0	0	0	0
R95		0.085	0.046	1	1			Оля	1203	46213	46234	Иванов А.В.	158903	17140	46234							176043	113000	17140	45903						0	0	0	0	0	0	0	0	0	0	0	0	0	0	0	0
R96		0.085	0.046	1	1			Олег	1204	46213	46261	Иванов А.В.	282185	5724	46261							287909	200000	82185	5724						0	0	0	0	0	0	0	0	0	0	0	0	0	0	0	0
R97		0.085	0.046	1	1			Оля	1205	46213	46248	Иванов А.В.	305127	95019	46248	-4196	46275					395950	214000	40000	95019	51127	-4196				0	0	0	0	0	-193.016	0	0	-193.016	-356.66	0	0	0	0	-193.016	-356.66
R98		0.085	0.046	1	1			Оля	1206	46213	46276	Иванов А.В.	175471	-5158	46275							170313	123000		47313						0	0	0	4035.833	-237.268	0	0	0	3798.565	7019.0875	0	0	287293.6667	0	3798.565	7019.0875
R99		0.085	0.046	1	1			Оля	1207	46224	46232	Ткач Д.В.	45752									45752	32000	13752							0	0	0	0	0	0	0	0	0	0	0	0	0	0	0	0
R100		0.085	0.046	1	1			Олег	1208	46245		Янцевич М.В.	122079									122079	86000								36079	0.2955	0	0	0	0	0	0	0	0	0	0	0	0	0	0
R101		0.085	0.046	1	1			Олег	1209	46248		Голосова Г.Н.	225904									225904	160000								65904	0.2917	0	0	0	0	0	0	0	0	0	0	0	0	0	0
R102		0.085	0.046	1	1			Оля	1210	46252	46290	Голосова Г.Н.	297935	33571	46290							331506	210000	87935	33571						0	0	0	6852.505	1544.266	0	0	0	8396.771	15515.7725	0	0	530129.3333	0	8396.771	15515.7725
R103		0.085	0.046	1	1			Олег	1211	46252		Голосова Г.Н.	133736									133736	94000								39736	0.2971	0	0	0	0	0	0	0	0	0	0	0	0	0	0
R104		0.085	0.046	1	1			Оля	1931р-1	46294		Соколова О.С.	252321									252321	177000								75321	0.2985	5803.383	0	0	0	0	0	5803.383	10723.6425	0	180229.2857	0	0	5803.383	10723.6425
R105		0.085	0.046	1	1				1931р-2			Одоева О.В.	121731									121731									121731	1	0	0	0	0	0	0	0	0	0	0	0	0	0	0
R106		0.085	0.046	1	1																	0									0	#DIV/0!	0	0	0	0	0	0	0	0	0	0	0	0	0	0
R107		0.085	0.046	1	1																	0									0	#DIV/0!	0	0	0	0	0	0	0	0	0	0	0	0	0	0
R108		0.085	0.046	1	1																	0									0	#DIV/0!	0	0	0	0	0	0	0	0	0	0	0	0	0	0
R109		0.085	0.046	1	1																	0									0	#DIV/0!	0	0	0	0	0	0	0	0	0	0	0	0	0	0
R110		0.085	0.046	1	1																	0									0	#DIV/0!	0	0	0	0	0	0	0	0	0	0	0	0	0	0
R111		0.085	0.046	1	1																	0									0	#DIV/0!	0	0	0	0	0	0	0	0	0	0	0	0	0	0
R112		0.085	0.046	1	1																	0									0	#DIV/0!	0	0	0	0	0	0	0	0	0	0	0	0	0	0
R114						материал																																	4080.86	0					0	0
R115		0.02	0.02	1	1			Оля	1115			Дятлов В.С.		21051	45821							21051	21051								0	----	----	----	0	0	0	0	0	0					0	0
R116		0.02	0.02	1	1			Оля	1122			Большакова Е.В.		32099	45828							32099	32099								0	----	----	----	0	0	0	0	0	0					0	0
R117		0.02	0.02	1	1				1131			Зубрина В.Н.		14528	45834							14528	14528								0	----	----	----	0	0	0	0	0	0					0	0
R118		0.02	0.02	1	1			Оля	1129			Хохлова Н.М.		9793	45873							9793	9793								0	----	----	----	0	0	0	0	0	0					0	0
R119		0.02	0.02	1	1			Оля	1135			Феоктистов А.А.		23785	45919							23785	23785								0	----	----	----	0	0	0	0	0	0					0	0
R120		0.02	0.02	1	1			Оля	1136			Мишина М.В.		20411	45938							20411	20411								0	----	----	----	0	0	0	0	0	0					0	0
R121		0.02	0.02	1	1			Оля	1148			Иванченкова Е.П.		36016	45944	15554	45957					51570	36016	15554							0	----	----	----	0	0	0	0	0	0					0	0
R122		0.02	0.02	1	1			Оля	1144			Перец А.И.		44015	45933	-1386	45994					42629	44015	-1386							0	----	----	----	0	0	0	0	0	0					0	0
R123		0.02	0.02	1	1			Оля	1149			Акимов В.А.		28799	45966							28799	28799								0	----	----	----	0	0	0	0	0	0					0	0
R124		0.02	0.02	1	1			Оля	1146			Новиков Д.С.		41941	45989	-2781	46006					39160	41941	-2781							0	----	----	----	0	0	0	0	0	0					0	0
R125		0.02	0.02	1	1			Оля	1151			Левитес С.Д.		127551	45990	19920	46010					147471	127551	19920							0	----	----	----	0	0	0	0	0	0					0	0
R126		0.02	0.02	1	1			Оля	1162			Пчелкин П.А. 		19783	46010							19783	19783								0	----	----	----	0	0	0	0	0	0					0	0
R127		0.02	0.02	1	1			Оля	1164			Соколова Т.В.		21923	46042							21923	21923								0	----	----	----	0	0	0	0	0	0					0	0
R128		0.02	0.02	1	1			Оля	1168			Сивкова В.П.		17602	46058							17602	17602								0	----	----	----	0	0	0	0	0	0					0	0
R129			0.02	1	1			Оля	1175			Соколова К.И.		19363	46094							19363	19363								0	----	----	----	0	0	0	0	0	0					0	0
R130			0.02	1	1			Оля	1182			Шумская Н.В.		13039	46118							13039	13039								0	----	----	----	0	0	0	0	0	0					0	0
R131			0.02	1	1			Оля	1178			Соколова К.И. 		29756	46121							29756	29756								0	----	----	----	0	0	0	0	0	0					0	0
R132			0.02	1	1			Оля	1187			Севрюгин С.В.		18753	46155							18753	18753								0	----	----	----	0	0	0	0	0	0					0	0
R133			0.02	1	1			Оля	1184			ИП Прибыльская И.В.		18090	46160							18090	18090								0	----	----	----	0	0	0	0	0	0
R134			0.02	1	1			Оля	1190			Сизов Г.С.		46132	46178							46132	46132								0	----	----	----	0	0	0	0	0	0
R135			0.02	1	1			Оля	1194			Молодцова Т.Е.		40830	46182	-3500	46193					37330	40830	-3500							0	----	----	----	0	0	0	0	0	0
R136			0.001	1	1			Оля	1197			Скатов М.Е.		56817	46189							56817	56817								0	----	----	----	0	0	0	0	0	0
R137			0.02	1	1			Оля	1193			Мычко С.И.		58019	46190							58019	58019								0	----	----	----	0	0	0	0	0	0
R138			0.001	1	1			Оля	1191			Зуева М.Ю.		34459	46193							34459	34459								0	----	----	----	0	0	0	0	0	0
R139			0.02	1	1			Оля	1197			Скатов М.Е.				62432	46198	5107	46209			67539	62432	5170							-63	----	----	----	0	0	0	0	0	0
R140			0.02	1	1			Оля	1207			Ткач Д.В.		48106	46224							48106	48106								0	----	----	----	0	0	0	0	0	0
R141			0.02	1	1			Олег	1196			Власенко О.В.		10613	46253							10613	10613								0	----	----	----	0	0	0	0	0	0
R142			0.02	1	1			Оля	1209			Голосова Г.Н.		80838	46275							80838	80838								0	----	----	----	1616.76	0	0	0	1616.76	0
R143			0.02	1	1			Оля	1208			Янцевич М.В.		47724	46286							47724	47724								0	----	----	----	954.48	0	0	0	954.48	0
R144			0.02	1	1			Оля	1931р-2			Одоева О.В.		75481	46294							75481	75481								0	----	----	----	1509.62	0	0	0	1509.62	0
R145			0.02	1	1																	0									0	----	----	----	0	0	0	0	0	0					0	0
R146			0.02	1	1																	0									0	----	----	----	0	0	0	0	0	0					0	0
R147			0.02	1	1																	0									0	----	----	----	0	0	0	0	0	0					0	0
R148			0.02	1	1																	0									0	----	----	----	0	0	0	0	0	0					0	0
R149			0.02	1	1																	0									0	----	----	----	0	0	0	0	0	0					0	0